 0.000000000000000e+00  0.000000000000000e+00  0.000000000000000e+00  0.000000000000000e+00  9.714451465470120e-16  2.459782813516023e-01  0.000000000000000e+00  0.000000000000000e+00  0.000000000000000e+00  1.147623662767217e-13  2.570346636164843e-01  0.000000000000000e+00  0.000000000000000e+00  0.000000000000000e+00  6.938893903907228e-18  2.689776008985293e-01
 1.666666666666667e-02 -2.468464986595632e-07 -1.200294809556614e-05 -1.200008541562951e-05 -1.137538417558814e-07  2.459489905289585e-01 -3.290588661778858e-07 -1.449732210700278e-05 -1.202990267211716e-05 -1.488820081038678e-07  2.570017388145455e-01 -4.311032373255450e-07 -1.756454610128905e-05 -1.197397493990005e-05 -1.895093047626917e-07  2.689401970827085e-01
 3.333333333333333e-02 -1.011952185782242e-06 -4.721399159473248e-05 -4.720281304992999e-05 -4.687120115295929e-07  2.458592835478239e-01 -1.346835172888418e-06 -5.701933858861044e-05 -4.732496316450785e-05 -6.149421858739346e-07  2.569007530843105e-01 -1.762340947862920e-06 -6.907299918930323e-05 -4.711117656434460e-05 -7.833015528493914e-07  2.688259703492684e-01
 5.000000000000000e-02 -2.346249602835221e-06 -1.044601372895346e-04 -1.044356111894618e-04 -1.087308040659263e-06  2.457061324105688e-01 -3.114372019160727e-06 -1.261300608982434e-04 -1.047240373268886e-04 -1.427437709006218e-06  2.567283116977471e-01 -4.066747414915818e-06 -1.527563678924027e-04 -1.042748160635446e-04 -1.818355643203040e-06  2.686311537563696e-01
 6.666666666666667e-02 -4.321677758079533e-06 -1.825992032668013e-04 -1.825566783821980e-04 -1.991965870938583e-06  2.454863933187539e-01 -5.715244585983515e-06 -2.204178269505606e-04 -1.831059655301656e-04 -2.615523153601251e-06  2.564809166586169e-01 -7.441341028217125e-06 -2.668567752819734e-04 -1.823804752066269e-04 -3.331459922935320e-06  2.683518112942045e-01
 8.333333333333333e-02 -7.034100153155681e-06 -2.805181343546112e-04 -2.804532901368451e-04 -3.204852961381788e-06  2.451968237756499e-01 -9.258612867900796e-06 -3.384935081783523e-04 -2.813873962698721e-04 -4.207842937795081e-06  2.561549680540774e-01 -1.201029291066622e-05 -4.096256896743665e-04 -2.803931633957521e-04 -5.358546645066464e-06  2.679839267508557e-01
 1.000000000000000e-01 -1.060637249492924e-05 -3.971305492042124e-04 -3.970393593197494e-04 -4.747489582491993e-06  2.448340776023797e-01 -1.388240417272806e-05 -4.789879020064697e-04 -3.985196177494418e-04 -6.232058860522471e-06  2.557467657976653e-01 -1.792819364485705e-05 -5.793213131944225e-04 -3.973230844849934e-04 -7.934073545344533e-06  2.675233971562760e-01
 1.166666666666667e-01 -1.519153618083271e-05 -5.313734821241548e-04 -5.312521938502859e-04 -6.640352163127250e-06  2.443947037814748e-01 -1.975659268750466e-05 -6.405482676228522e-04 -5.334843424549887e-04 -8.714308123491943e-06  2.552525116889208e-01 -2.538337200161910e-05 -7.742051558793511e-04 -5.322200300754074e-04 -1.109031188747944e-05  2.669660378468894e-01
 1.333333333333333e-01 -2.097610656182428e-05 -6.822032881211096e-04 -6.820484125344417e-04 -8.902421177008069e-06  2.438751459752433e-01 -2.708653528121080e-05 -8.218339785167478e-04 -6.852884070469023e-04 -1.167858792881088e-05  2.546683117818264e-01 -3.460122094831909e-05 -9.925378462851478e-04 -6.841663935487005e-04 -1.485654310521417e-05  2.663075870434546e-01
 1.500000000000000e-01 -2.818341657364904e-05 -8.485906900893153e-04 -8.483989967809635e-04 -1.155067119348180e-05  2.432717423353600e-01 -3.611631385983579e-05 -1.021511284188176e-03 -8.529573710298471e-04 -1.514606339694802e-05  2.539901790349889e-01 -4.584747216870421e-05 -1.232574176926696e-03 -8.522687880625213e-04 -1.925816430521643e-05  2.655437112203229e-01
 1.666666666666667e-01 -3.707696748553920e-05 -1.029514962708422e-03 -1.029283474476825e-03 -1.459948423706420e-05  2.425807254328808e-01 -4.713202502172956e-05 -1.238247195479408e-03 -1.035528022390708e-03 -1.913429642391717e-05  2.532140362105959e-01 -5.943135046979162e-05 -1.492557410031140e-03 -1.035648295190289e-03 -2.431570271463346e-05  2.646700108987854e-01
 1.833333333333333e-01 -4.796372727735448e-05 -1.223957258797162e-03 -1.223683247018728e-03 -1.805999220717142e-05  2.417982225178565e-01 -6.046494750591887e-05 -1.470702532869433e-03 -1.232039826438200e-03 -2.365639421476190e-05  2.523357189845873e-01 -7.570852738769673e-05 -1.770712893358353e-03 -1.233429404814509e-03 -3.004374064882742e-05  2.636820269371722e-01
 2.000000000000000e-01 -6.119730848533171e-05 -1.430893123816862e-03 -1.430574103325949e-03 -2.193935500251210e-05  2.409202557253712e-01 -7.649450700770999e-05 -1.717524204385840e-03 -1.441525384981879e-03 -2.872007764251339e-05  2.513509792270835e-01 -9.508378204745906e-05 -2.065241073741245e-03 -1.444727750711000e-03 -3.644975579251281e-05  2.625752472890792e-01
 2.166666666666667e-01 -7.718094440640338e-05 -1.649284258369910e-03 -1.648917981532882e-03 -2.623995896089415e-05  2.399427423236061e-01 -9.565094637047598e-05 -1.977336808957342e-03 -1.663000006141585e-03 -3.432667131789136e-05  2.502554884105594e-01 -1.180132687442076e-04 -2.374310048066791e-03 -1.668636806418017e-03 -4.353288162329411e-05  2.613451138659136e-01
 2.333333333333333e-01 -9.637016952105185e-05 -1.878069614608235e-03 -1.877654065431222e-03 -3.095854429242123e-05  2.388614950301759e-01 -1.184175969568581e-04 -2.248733691349036e-03 -1.895450519703190e-03 -4.047001937142886e-05  2.490448411037800e-01 -1.450062779389666e-04 -2.696047810059249e-03 -1.904213738060101e-03 -5.128259799574292e-05  2.599870295678244e-01
 2.500000000000000e-01 -1.192750975100125e-04 -2.116155946242676e-03 -2.115689334434123e-03 -3.608526320222211e-05  2.376722222664650e-01 -1.453326341463376e-04 -2.530267605497599e-03 -2.137823508154696e-03 -4.713533349574167e-05  2.477145585126541e-01 -1.766263672340618e-04 -3.028534388472504e-03 -2.150464664479490e-03 -5.967736283608860e-05  2.584963653534323e-01
 2.666666666666667e-01 -1.464621740217380e-04 -2.362407953811596e-03 -2.361888710223498e-03 -4.160267113195726e-05  2.363705283929716e-01 -1.769901863711704e-04 -2.820441173212257e-03 -2.389013158375891e-03 -5.429798283579368e-05  2.462600920350111e-01 -2.134917279936407e-04 -3.369794101155565e-03 -2.406329617594516e-03 -6.868320165950847e-05  2.568684672420751e-01
 2.833333333333333e-01 -1.785552663211287e-04 -2.615638200288095e-03 -2.615064972181086e-03 -4.748466174259863e-05  2.349519138701142e-01 -2.140406528413248e-04 -3.117697353937660e-03 -2.647848972403527e-03 -6.192223891771792e-05  2.446768268054343e-01 -2.562746403433624e-04 -3.717788163985547e-03 -2.670667527624404e-03 -7.825227534442175e-05  2.550986632675770e-01
 3.000000000000000e-01 -2.162359342464462e-04 -2.874596995629142e-03 -2.873968641756042e-03 -5.369535239634071e-05  2.334117753393521e-01 -2.571900700509659e-04 -3.420410167696453e-03 -2.913083606756905e-03 -6.995999305067085e-05  2.429600852189817e-01 -3.056998572527475e-04 -4.070407915535174e-03 -2.942241593684780e-03 -8.832145155715510e-05  2.531822703663217e-01
 3.166666666666667e-01 -2.602427080398220e-04 -3.137962476162770e-03 -3.137278062146809e-03 -6.018793400362765e-05  2.317454056472862e-01 -3.071983512250576e-04 -3.726875936647334e-03 -3.183381137571883e-03 -7.834946861175890e-05  2.411051304391160e-01 -3.625417471501413e-04 -4.425468940460586e-03 -3.219705431474651e-03 -9.881091048165314e-05  2.511146011428114e-01
 3.333333333333333e-01 -3.113691784243783e-04 -3.404331126495741e-03 -3.403589920053629e-03 -6.690350684543378e-05  2.299479938425362e-01 -3.648762059669658e-04 -4.035305330217343e-03 -3.457306072453037e-03 -8.701395642311122e-05  2.391071699158293e-01 -4.276200099382482e-04 -4.780706376225741e-03 -3.501590403791499e-03 -1.096228236250052e-04  2.488909705585615e-01
 3.500000000000000e-01 -3.704606830651144e-04 -3.672209017029915e-03 -3.671410484651472e-03 -7.376992791550269e-05  2.280146251675633e-01 -4.310805294352321e-04 -4.343816514016219e-03 -3.733313448927800e-03 -9.586060815891528e-05  2.369613589649975e-01 -5.017937665803066e-04 -5.133771686962496e-03 -3.786294551541391e-03 -1.206401493092160e-04  2.465067026430157e-01
 3.666666666666666e-01 -4.384093497247291e-04 -3.940004049186041e-03 -3.939147850985758e-03 -8.070069887681358e-05  2.259402811321875e-01 -5.067080313711295e-04 -4.650429713400184e-03 -4.009740373269066e-03 -1.047793304816205e-04  2.346628044897480e-01 -5.859538090144945e-04 -5.482231194941234e-03 -4.072073549943267e-03 -1.317255990681693e-04  2.439571372776560e-01
 3.833333333333334e-01 -5.161472316418461e-04 -4.206019509246706e-03 -4.205105494773098e-03 -8.759393562182693e-05  2.237198397782861e-01 -5.926868552525028e-04 -4.953063508615851e-03 -4.284799362148539e-03 -1.136418315031348e-04  2.322065689593571e-01 -6.810127809707620e-04 -5.823566650470346e-03 -4.357034108660340e-03 -1.427208372963215e-04  2.412376371823177e-01
 4.000000000000000e-01 -6.046372435299305e-04 -4.468449250392970e-03 -4.467477455257718e-03 -9.433147043863555e-05  2.213480762799911e-01 -6.899659169067041e-04 -5.249533180122390e-03 -4.556573853240431e-03 -1.223008812876319e-04  2.295876748012778e-01 -7.878930436429135e-04 -6.155178101858172e-03 -4.639130225384092e-03 -1.534459872144026e-04  2.383435952917791e-01
 4.166666666666667e-01 -7.048615800570590e-04 -4.725374832921792e-03 -4.724345474302949e-03 -1.007781470218419e-04  2.188196640666060e-01 -7.995016703926799e-04 -5.537551420456754e-03 -4.823016249939638e-03 -1.305898595241675e-04  2.268011094077379e-01 -9.075119627575540e-04 -6.474389313632423e-03 -4.916162681818159e-03 -1.636995255558382e-04  2.352704427565160e-01
 4.333333333333333e-01 -8.178072685526422e-04 -4.974764953209199e-03 -4.973678426145545e-03 -1.067813809253401e-04  2.161291767180229e-01 -9.222419874163751e-04 -5.814731723618516e-03 -5.081948860497565e-03 -1.383226762152051e-04  2.238418310104210e-01 -1.040764341030856e-03 -6.778455974572994e-03 -5.185782158000529e-03 -1.732586641453454e-04  2.320136577882191e-01
 4.500000000000000e-01 -9.444484799043945e-04 -5.214477504130233e-03 -5.213334377308143e-03 -1.121710734340933e-04  2.132710909448577e-01 -1.059106815870126e-03 -6.078594755336786e-03 -5.331068084001078e-03 -1.452941652056172e-04  2.207047757356788e-01 -1.188501701742492e-03 -7.064576903566933e-03 -5.445496305689579e-03 -1.818803265186686e-04  2.285687757119119e-01
 4.666666666666667e-01 -1.085725193519987e-03 -5.442264605027503e-03 -5.441065618084218e-03 -1.167599842006387e-04  2.102397910425548e-01 -1.210965264630492e-03 -6.326577998886529e-03 -5.567952185816183e-03 -1.512810654525701e-04  2.173848662191713e-01 -1.351508118641376e-03 -7.329908451747913e-03 -5.692681100417540e-03 -1.893028420611176e-04  2.249314006043635e-01
 4.833333333333333e-01 -1.242517788179923e-03 -5.655780953882417e-03 -5.654527013803423e-03 -1.203446855127313e-04  2.070295752824101e-01 -1.378608747449106e-03 -6.556048962548688e-03 -5.790072994524609e-03 -1.560437207987000e-04  2.138770222335741e-01 -1.530472282543591e-03 -7.571582290921475e-03 -5.924596767292956e-03 -1.952484937247090e-04  2.210972189367021e-01
 5.000000000000000e-01 -1.415617111355447e-03 -5.852595847684605e-03 -5.851288026273993e-03 -1.227072378399835e-04  2.036346648116751e-01 -1.562719811345148e-03 -6.764322227614250e-03 -5.994811842171210e-03 -1.593286451293668e-04  2.101761738668723e-01 -1.725955495567935e-03 -7.786726760672380e-03 -6.138408541787710e-03 -1.994270676991400e-04  2.170620157466195e-01
 5.166666666666667e-01 -1.605689569970453e-03 -6.030209230707073e-03 -6.028848760824435e-03 -1.236177486532430e-04  2.000492157497485e-01 -1.763836278044550e-03 -6.948680611169822e-03 -6.179480060829801e-03 -1.608721153252141e-04  2.062772778825695e-01 -1.938355296124059e-03 -7.972491947697224e-03 -6.331212508818407e-03 -2.015405647920951e-04  2.128216939336287e-01
 5.333333333333333e-01 -1.813236790062053e-03 -6.186072132073228e-03 -6.184660406436282e-03 -1.228379954122463e-04  1.962673352922863e-01 -1.982310345645708e-03 -7.106400716731298e-03 -6.341344341826427e-03 -1.604049681363032e-04  2.021753379975658e-01 -2.167864450162552e-03 -8.126078672903048e-03 -6.500066739508870e-03 -2.012892406597702e-04  2.083722973235484e-01
 5.500000000000000e-01 -2.038549417960056e-03 -6.317611874545714e-03 -6.316150441720181e-03 -1.201263128838212e-04  1.922831027855095e-01 -2.218262338272797e-03 -7.234783148660107e-03 -6.477657259813197e-03 -1.576587872005944e-04  1.978654299289035e-01 -2.414425095430772e-03 -8.244771572635923e-03 -6.642027923663640e-03 -1.983791425034451e-04  2.037100382640317e-01
 5.666666666666667e-01 -2.281654689985618e-03 -6.422262442081772e-03 -6.420753006798341e-03 -1.152439573200645e-04  1.880905968923401e-01 -2.471528862277528e-03 -7.331187673197181e-03 -6.585693261799919e-03 -1.523736704344622e-04  1.933427321868987e-01 -2.677677913508175e-03 -8.325976478085861e-03 -6.754193682189324e-03 -1.925313060279973e-04  1.988313305629389e-01
 5.833333333333334e-01 -2.542257493978711e-03 -6.497500419366142e-03 -6.495944841691359e-03 -1.079631663269062e-04  1.836839301646199e-01 -2.741605239020839e-03 -7.393073618945145e-03 -6.662790420015607e-03 -1.443077625429418e-04  1.886025637282912e-01 -2.956906327078651e-03 -8.367262320116198e-03 -6.833750719335008e-03 -1.834927582078649e-04  1.937328286953200e-01
 6.000000000000000e-01 -2.819674793931776e-03 -6.540886932547729e-03 -6.539287225905577e-03 -9.807713230399612e-05  1.790572925342618e-01 -3.027582249233579e-03 -7.418045820555719e-03 -6.706398244368472e-03 -1.332487179240976e-04  1.836404297264861e-01 -3.250975898912045e-03 -8.366407800463715e-03 -6.878028954542370e-03 -1.710494341910090e-04  1.884114743033397e-01
 6.166666666666667e-01 -3.112763511896793e-03 -6.550116030740183e-03 -6.548474362852219e-03 -8.541208219964985e-05  1.742050054428534e-01 -3.328077457897483e-03 -7.403906417250083e-03 -6.714131840826587e-03 -1.190272199185494e-04  1.784520768620654e-01 -3.558269358984040e-03 -8.321453112494992e-03 -6.884561748434437e-03 -1.550410643495898e-04  1.828645510405823e-01
 6.333333333333333e-01 -3.419842275665053e-03 -6.523069962213413e-03 -6.521388656547056e-03 -6.984161053149446e-05  1.691215885638821e-01 -3.641161709410673e-03 -7.348712816212521e-03 -6.683832679336033e-03 -1.015326157109697e-04  1.730335596777319e-01 -3.876618008953003e-03 -8.230756982484100e-03 -6.851152271933003e-03 -1.353780013155850e-04  1.770897489222591e-01
 6.500000000000000e-01 -3.738607868807697e-03 -6.457881781217423e-03 -6.456163318656172e-03 -5.130333087747380e-05  1.638018412774788e-01 -3.964281810469122e-03 -7.250842110076094e-03 -6.613636188738559e-03 -8.073062298111916e-05  1.673813196654018e-01 -4.203230681174286e-03 -8.093059300972705e-03 -6.775946002349098e-03 -1.120598311312587e-04  1.710852393616566e-01
 6.666666666666666e-01 -4.066047795773187e-03 -6.353005679122115e-03 -6.351252705465882e-03 -2.981778182118561e-05  1.582409412578980e-01 -4.294180973216405e-03 -7.109062183469517e-03 -6.502046312136023e-03 -5.668291349386623e-05  1.614922788407268e-01 -4.534621970380570e-03 -7.907549569834860e-03 -6.657509210524992e-03 -8.519544390221678e-05  1.648497620500161e-01
 6.833333333333333e-01 -4.398351110422249e-03 -6.207295341061347e-03 -6.205510672246617e-03 -5.509328713383665e-06  1.524345626634326e-01 -4.626819292754047e-03 -6.922609636068944e-03 -6.348017014562779e-03 -2.956816730765449e-05  1.553639495847296e-01 -4.866542116869599e-03 -7.673941278994900e-03 -6.494913111093736e-03 -5.502401172480936e-05  1.583827247728599e-01
 7.000000000000000e-01 -4.730820593076390e-03 -6.020090433743852e-03 -6.018277066535904e-03  2.137147016926383e-05  1.463790164763832e-01 -4.957297394052373e-03 -6.691274461429808e-03 -6.151040509305150e-03  2.960950389110928e-07  1.489945624547599e-01 -5.193911723370914e-03 -7.392552120411011e-03 -6.287823091793432e-03 -2.193602698655206e-05  1.516843170295147e-01
 7.166666666666667e-01 -5.057790489328418e-03 -5.791311049979209e-03 -5.789472176514043e-03  5.042493907139733e-05  1.400714154217683e-01 -5.279787404063097e-03 -6.415491116467442e-03 -5.911241625882191e-03  3.243197069321968e-05  1.423832134338196e-01 -5.510765389654282e-03 -7.064389644010016e-03 -6.036592056132273e-03  1.350681845719431e-05  1.447556380380161e-01
 7.333333333333333e-01 -5.372555345142804e-03 -5.521559470659354e-03 -5.519698490582980e-03  8.108019206607558e-05  1.335098655441903e-01 -5.587476562839366e-03 -6.096435149850254e-03 -5.629477239127545e-03  6.618146956791776e-05  1.355300316252782e-01 -5.810209354979168e-03 -6.691241485953459e-03 -5.742356380982971e-03  5.055460529508615e-05  1.375988390847469e-01
 7.500000000000000e-01 -5.667316946766365e-03 -5.212227867431030e-03 -5.210348417266419e-03  1.125759061007744e-04  1.266936857357624e-01 -5.872530022547617e-03 -5.736123873169352e-03 -5.307438964710975e-03  1.006907827455911e-04  1.284363676118032e-01 -6.084399256677031e-03 -6.275768592156172e-03 -5.407132301881279e-03  8.825722323800578e-05  1.302172794901193e-01
 7.666666666666667e-01 -5.933157855931015e-03 -4.865609653733838e-03 -4.863715617950071e-03  1.439467831398158e-04  1.196236554209771e-01 -6.126080577279591e-03 -5.337518592819168e-03 -4.947756345876964e-03  1.349013633631033e-04  1.211050014569401e-01 -6.324544991711478e-03 -5.821598862531419e-03 -5.033909533938008e-03  1.254603271400659e-04  1.226156940855635e-01
 7.833333333333333e-01 -6.160051390560251e-03 -4.485010667445999e-03 -4.483106240383061e-03  1.740193713917759e-04  1.123022886004608e-01 -6.338254017615952e-03 -4.904624605863162e-03 -4.554096453108558e-03  1.675514633502490e-04  1.135403674760200e-01 -6.520950261230285e-03 -5.333417342584856e-03 -4.626737790973778e-03  1.608127493635675e-04  1.148003682704474e-01
 8.000000000000000e-01 -6.336918673559677e-03 -4.074854685440665e-03 -4.072944454379557e-03  2.014220682761969e-04  1.047341292115739e-01 -6.498239195585898e-03 -4.442583441496728e-03 -4.131254148008412e-03  1.971926460671500e-04  1.057487902451743e-01 -6.663094386465118e-03 -4.817047508760441e-03 -4.190800451318366e-03  1.927896133937720e-04  1.067793149134332e-01
 8.166666666666667e-01 -6.451743317750946e-03 -3.640775384898487e-03 -3.638864416906640e-03  2.246151442786976e-04  9.692605926915020e-02 -6.594411255407051e-03 -3.957749668348942e-03 -3.685225209426712e-03  2.222266935715464e-04  9.773872262361029e-02 -6.739762764168933e-03 -4.279516072984046e-03 -3.732467768285286e-03  2.197360763836684e-04  9.856244406812509e-02
 8.333333333333334e-01 -6.491752299551956e-03 -3.189683943077615e-03 -3.187777875356068e-03  2.419477737442659e-04  8.888760463149832e-02 -6.614514198966193e-03 -3.457742011461096e-03 -3.223252125096221e-03  2.409691772889862e-04  8.952097157428768e-02 -6.739229928263923e-03 -3.729091216428837e-03 -3.259319893263557e-03  2.399372708845431e-04  9.016171037594543e-02
 8.500000000000000e-01 -6.443667366750616e-03 -2.729798438932507e-03 -2.727903486135830e-03  2.517499770051494e-04  8.063121624618191e-02 -6.545904200105812e-03 -2.951455650996415e-03 -2.753829752582870e-03  2.517466830358611e-04  8.110889100254814e-02 -6.649493748646207e-03 -3.175281732482826e-03 -2.780128955380601e-03  2.517204521280750e-04  8.159122160241963e-02
 8.666666666666667e-01 -6.294022666735510e-03 -2.270616560255734e-03 -2.268740461490837e-03  2.524682390364699e-04  7.217249322115556e-02 -6.375846899792759e-03 -2.449019673853137e-03 -2.286655524373016e-03  2.530352192142218e-04  7.251851240248823e-02 -6.458551603205187e-03 -2.628782685007436e-03 -2.304786327258612e-03  2.535957476328121e-04  7.286728263210514e-02
 8.833333333333333e-01 -6.029531605264649e-03 -1.822814195938438e-03 -1.820966525428291e-03  2.428538667374053e-04  6.353030348296211e-02 -6.091849288215156e-03 -1.961681178196839e-03 -1.832506872091133e-03  2.436477207846573e-04  6.376857353179244e-02 -6.154696965599893e-03 -2.101349781866602e-03 -1.844159817689262e-03  2.444422369556297e-04  6.400833798585923e-02
 9.000000000000000e-01 -5.637467231837334e-03 -1.398044243845376e-03 -1.396238123428817e-03  2.222136750694211e-04  5.472673907032553e-02 -5.681988796710447e-03 -1.501596163638652e-03 -1.403027736006202e-03  2.229790192242939e-04  5.488039235520626e-02 -5.726799558063211e-03 -1.605582872366562e-03 -1.409869794751328e-03  2.237467737343408e-04  5.503477554643171e-02
 9.166666666666666e-01 -5.105995167170363e-03 -1.008623139392650e-03 -1.006873179814960e-03  1.907329435826954e-04  4.578683256999269e-02 -5.135178284668918e-03 -1.081507919719282e-03 -1.010407242395539e-03  1.913177828096121e-04  4.587751782334468e-02 -5.164501559309143e-03 -1.154606202594888e-03 -1.013962824587322e-03  1.919044151082894e-04  4.596851935276437e-02
 9.333333333333333e-01 -4.424362760330092e-03 -6.670620428641527e-04 -6.653966203105099e-04  1.498828789468082e-04  3.673792223756011e-02 -4.441275593055183e-03 -7.142969831566148e-04 -6.669377310339897e-04  1.502379756610182e-04  3.678507029099801e-02 -4.458246791020026e-03 -7.616225384379227e-04 -6.684870839127610e-04  1.505934802519485e-04  3.683234403871601e-02
 9.500000000000000e-01 -3.582821058959573e-03 -3.854793197257678e-04 -3.839461801500299e-04  1.029306100447363e-04  2.760855333502265e-02 -3.590910206818787e-03 -4.123931592445729e-04 -3.844471176556175e-04  1.030895720182208e-04  2.762866184171034e-02 -3.599033038889643e-03 -4.393431260648617e-04 -3.849499883082919e-04  1.032468523285042e-04  2.764884522450196e-02
 9.666666666666667e-01 -2.572103236717749e-03 -1.748056187933500e-04 -1.735432896056155e-04  5.558206397522246e-05  1.842676695514290e-02 -2.574855194105274e-03 -1.870475070943067e-04 -1.736131990687229e-04  5.562351111179729e-05  1.843275963566327e-02 -2.577670279272359e-03 -1.993279533749615e-04 -1.736811187259546e-04  5.565573962141223e-05  1.843882961818677e-02
 9.833333333333333e-01 -1.382166191873702e-03 -4.369398348780251e-05 -4.329884215992230e-05  1.681529264342847e-05  9.217560218078206e-03 -1.382687371852431e-03 -4.747066944443823e-05 -4.322196854977811e-05  1.681565979426989e-05  9.218344280289748e-03 -1.383331834160728e-03 -5.116401755356215e-05 -4.296179451102056e-05  1.680524691430178e-05  9.219002381134836e-03
 1.000000000000000e+00  0.000000000000000e+00  0.000000000000000e+00  0.000000000000000e+00  0.000000000000000e+00  0.000000000000000e+00  0.000000000000000e+00  0.000000000000000e+00  0.000000000000000e+00  0.000000000000000e+00  0.000000000000000e+00  0.000000000000000e+00  0.000000000000000e+00  0.000000000000000e+00  0.000000000000000e+00  0.000000000000000e+00
