 0.000000000000000e+00  0.000000000000000e+00  0.000000000000000e+00  0.000000000000000e+00  0.000000000000000e+00  0.000000000000000e+00  0.000000000000000e+00  0.000000000000000e+00  0.000000000000000e+00  0.000000000000000e+00  0.000000000000000e+00  0.000000000000000e+00  0.000000000000000e+00  0.000000000000000e+00  0.000000000000000e+00  0.000000000000000e+00
 1.666666666666667e-02  0.000000000000000e+00  0.000000000000000e+00  0.000000000000000e+00  0.000000000000000e+00  0.000000000000000e+00  0.000000000000000e+00  0.000000000000000e+00  0.000000000000000e+00  0.000000000000000e+00  0.000000000000000e+00  0.000000000000000e+00  0.000000000000000e+00  0.000000000000000e+00  0.000000000000000e+00  0.000000000000000e+00
 3.333333333333333e-02  0.000000000000000e+00  0.000000000000000e+00  0.000000000000000e+00  0.000000000000000e+00  0.000000000000000e+00  0.000000000000000e+00  0.000000000000000e+00  0.000000000000000e+00  0.000000000000000e+00  0.000000000000000e+00  0.000000000000000e+00  0.000000000000000e+00  0.000000000000000e+00  0.000000000000000e+00  0.000000000000000e+00
 5.000000000000000e-02  0.000000000000000e+00  0.000000000000000e+00  0.000000000000000e+00  0.000000000000000e+00  0.000000000000000e+00  0.000000000000000e+00  0.000000000000000e+00  0.000000000000000e+00  0.000000000000000e+00  0.000000000000000e+00  0.000000000000000e+00  0.000000000000000e+00  0.000000000000000e+00  0.000000000000000e+00  0.000000000000000e+00
 6.666666666666667e-02  0.000000000000000e+00  0.000000000000000e+00  0.000000000000000e+00  0.000000000000000e+00  0.000000000000000e+00  0.000000000000000e+00  0.000000000000000e+00  0.000000000000000e+00  0.000000000000000e+00  0.000000000000000e+00  0.000000000000000e+00  0.000000000000000e+00  0.000000000000000e+00  0.000000000000000e+00  0.000000000000000e+00
 8.333333333333333e-02  0.000000000000000e+00  0.000000000000000e+00  0.000000000000000e+00  0.000000000000000e+00  0.000000000000000e+00  0.000000000000000e+00  0.000000000000000e+00  0.000000000000000e+00  0.000000000000000e+00  0.000000000000000e+00  0.000000000000000e+00  0.000000000000000e+00  0.000000000000000e+00  0.000000000000000e+00  0.000000000000000e+00
 1.000000000000000e-01  0.000000000000000e+00  0.000000000000000e+00  0.000000000000000e+00  0.000000000000000e+00  0.000000000000000e+00  0.000000000000000e+00  0.000000000000000e+00  0.000000000000000e+00  0.000000000000000e+00  0.000000000000000e+00  0.000000000000000e+00  0.000000000000000e+00  0.000000000000000e+00  0.000000000000000e+00  0.000000000000000e+00
 1.166666666666667e-01  0.000000000000000e+00  0.000000000000000e+00  0.000000000000000e+00  0.000000000000000e+00  0.000000000000000e+00  0.000000000000000e+00  0.000000000000000e+00  0.000000000000000e+00  0.000000000000000e+00  0.000000000000000e+00  0.000000000000000e+00  0.000000000000000e+00  0.000000000000000e+00  0.000000000000000e+00  0.000000000000000e+00
 1.333333333333333e-01  0.000000000000000e+00  0.000000000000000e+00  0.000000000000000e+00  0.000000000000000e+00  0.000000000000000e+00  0.000000000000000e+00  0.000000000000000e+00  0.000000000000000e+00  0.000000000000000e+00  0.000000000000000e+00  0.000000000000000e+00  0.000000000000000e+00  0.000000000000000e+00  0.000000000000000e+00  0.000000000000000e+00
 1.500000000000000e-01  0.000000000000000e+00  0.000000000000000e+00  0.000000000000000e+00  0.000000000000000e+00  0.000000000000000e+00  0.000000000000000e+00  0.000000000000000e+00  0.000000000000000e+00  0.000000000000000e+00  0.000000000000000e+00  0.000000000000000e+00  0.000000000000000e+00  0.000000000000000e+00  0.000000000000000e+00  0.000000000000000e+00
 1.666666666666667e-01  0.000000000000000e+00  0.000000000000000e+00  0.000000000000000e+00  0.000000000000000e+00  0.000000000000000e+00  0.000000000000000e+00  0.000000000000000e+00  0.000000000000000e+00  0.000000000000000e+00  0.000000000000000e+00  0.000000000000000e+00  0.000000000000000e+00  0.000000000000000e+00  0.000000000000000e+00  0.000000000000000e+00
 1.833333333333333e-01  0.000000000000000e+00  0.000000000000000e+00  0.000000000000000e+00  0.000000000000000e+00  0.000000000000000e+00  0.000000000000000e+00  0.000000000000000e+00  0.000000000000000e+00  0.000000000000000e+00  0.000000000000000e+00  0.000000000000000e+00  0.000000000000000e+00  0.000000000000000e+00  0.000000000000000e+00  0.000000000000000e+00
 2.000000000000000e-01  0.000000000000000e+00  0.000000000000000e+00  0.000000000000000e+00  0.000000000000000e+00  0.000000000000000e+00  0.000000000000000e+00  0.000000000000000e+00  0.000000000000000e+00  0.000000000000000e+00  0.000000000000000e+00  0.000000000000000e+00  0.000000000000000e+00  0.000000000000000e+00  0.000000000000000e+00  0.000000000000000e+00
 2.166666666666667e-01  0.000000000000000e+00  0.000000000000000e+00  0.000000000000000e+00  0.000000000000000e+00  0.000000000000000e+00  0.000000000000000e+00  0.000000000000000e+00  0.000000000000000e+00  0.000000000000000e+00  0.000000000000000e+00  0.000000000000000e+00  0.000000000000000e+00  0.000000000000000e+00  0.000000000000000e+00  0.000000000000000e+00
 2.333333333333333e-01  0.000000000000000e+00  0.000000000000000e+00  0.000000000000000e+00  0.000000000000000e+00  0.000000000000000e+00  0.000000000000000e+00  0.000000000000000e+00  0.000000000000000e+00  0.000000000000000e+00  0.000000000000000e+00  0.000000000000000e+00  0.000000000000000e+00  0.000000000000000e+00  0.000000000000000e+00  0.000000000000000e+00
 2.500000000000000e-01  0.000000000000000e+00  0.000000000000000e+00  0.000000000000000e+00  0.000000000000000e+00  0.000000000000000e+00  0.000000000000000e+00  0.000000000000000e+00  0.000000000000000e+00  0.000000000000000e+00  0.000000000000000e+00  0.000000000000000e+00  0.000000000000000e+00  0.000000000000000e+00  0.000000000000000e+00  0.000000000000000e+00
 2.666666666666667e-01  0.000000000000000e+00  0.000000000000000e+00  0.000000000000000e+00  0.000000000000000e+00  0.000000000000000e+00  0.000000000000000e+00  0.000000000000000e+00  0.000000000000000e+00  0.000000000000000e+00  0.000000000000000e+00  0.000000000000000e+00  0.000000000000000e+00  0.000000000000000e+00  0.000000000000000e+00  0.000000000000000e+00
 2.833333333333333e-01  0.000000000000000e+00  0.000000000000000e+00  0.000000000000000e+00  0.000000000000000e+00  0.000000000000000e+00  0.000000000000000e+00  0.000000000000000e+00  0.000000000000000e+00  0.000000000000000e+00  0.000000000000000e+00  0.000000000000000e+00  0.000000000000000e+00  0.000000000000000e+00  0.000000000000000e+00  0.000000000000000e+00
 3.000000000000000e-01  0.000000000000000e+00  0.000000000000000e+00  0.000000000000000e+00  0.000000000000000e+00  0.000000000000000e+00  0.000000000000000e+00  0.000000000000000e+00  0.000000000000000e+00  0.000000000000000e+00  0.000000000000000e+00  0.000000000000000e+00  0.000000000000000e+00  0.000000000000000e+00  0.000000000000000e+00  0.000000000000000e+00
 3.166666666666667e-01  0.000000000000000e+00  0.000000000000000e+00  0.000000000000000e+00  0.000000000000000e+00  0.000000000000000e+00  0.000000000000000e+00  0.000000000000000e+00  0.000000000000000e+00  0.000000000000000e+00  0.000000000000000e+00  0.000000000000000e+00  0.000000000000000e+00  0.000000000000000e+00  0.000000000000000e+00  0.000000000000000e+00
 3.333333333333333e-01  0.000000000000000e+00  0.000000000000000e+00  0.000000000000000e+00  0.000000000000000e+00  0.000000000000000e+00  0.000000000000000e+00  0.000000000000000e+00  0.000000000000000e+00  0.000000000000000e+00  0.000000000000000e+00  0.000000000000000e+00  0.000000000000000e+00  0.000000000000000e+00  0.000000000000000e+00  0.000000000000000e+00
 3.500000000000000e-01  0.000000000000000e+00  0.000000000000000e+00  0.000000000000000e+00  0.000000000000000e+00  0.000000000000000e+00  0.000000000000000e+00  0.000000000000000e+00  0.000000000000000e+00  0.000000000000000e+00  0.000000000000000e+00  0.000000000000000e+00  0.000000000000000e+00  0.000000000000000e+00  0.000000000000000e+00  0.000000000000000e+00
 3.666666666666666e-01  0.000000000000000e+00  0.000000000000000e+00  0.000000000000000e+00  0.000000000000000e+00  0.000000000000000e+00  0.000000000000000e+00  0.000000000000000e+00  0.000000000000000e+00  0.000000000000000e+00  0.000000000000000e+00  0.000000000000000e+00  0.000000000000000e+00  0.000000000000000e+00  0.000000000000000e+00  0.000000000000000e+00
 3.833333333333334e-01  0.000000000000000e+00  0.000000000000000e+00  0.000000000000000e+00  0.000000000000000e+00  0.000000000000000e+00  0.000000000000000e+00  0.000000000000000e+00  0.000000000000000e+00  0.000000000000000e+00  0.000000000000000e+00  0.000000000000000e+00  0.000000000000000e+00  0.000000000000000e+00  0.000000000000000e+00  0.000000000000000e+00
 4.000000000000000e-01  0.000000000000000e+00  0.000000000000000e+00  0.000000000000000e+00  0.000000000000000e+00  0.000000000000000e+00  0.000000000000000e+00  0.000000000000000e+00  0.000000000000000e+00  0.000000000000000e+00  0.000000000000000e+00  0.000000000000000e+00  0.000000000000000e+00  0.000000000000000e+00  0.000000000000000e+00  0.000000000000000e+00
 4.166666666666667e-01  0.000000000000000e+00  0.000000000000000e+00  0.000000000000000e+00  0.000000000000000e+00  0.000000000000000e+00  0.000000000000000e+00  0.000000000000000e+00  0.000000000000000e+00  0.000000000000000e+00  0.000000000000000e+00  0.000000000000000e+00  0.000000000000000e+00  0.000000000000000e+00  0.000000000000000e+00  0.000000000000000e+00
 4.333333333333333e-01  0.000000000000000e+00  0.000000000000000e+00  0.000000000000000e+00  0.000000000000000e+00  0.000000000000000e+00  0.000000000000000e+00  0.000000000000000e+00  0.000000000000000e+00  0.000000000000000e+00  0.000000000000000e+00  0.000000000000000e+00  0.000000000000000e+00  0.000000000000000e+00  0.000000000000000e+00  0.000000000000000e+00
 4.500000000000000e-01  0.000000000000000e+00  0.000000000000000e+00  0.000000000000000e+00  0.000000000000000e+00  0.000000000000000e+00  0.000000000000000e+00  0.000000000000000e+00  0.000000000000000e+00  0.000000000000000e+00  0.000000000000000e+00  0.000000000000000e+00  0.000000000000000e+00  0.000000000000000e+00  0.000000000000000e+00  0.000000000000000e+00
 4.666666666666667e-01  0.000000000000000e+00  0.000000000000000e+00  0.000000000000000e+00  0.000000000000000e+00  0.000000000000000e+00  0.000000000000000e+00  0.000000000000000e+00  0.000000000000000e+00  0.000000000000000e+00  0.000000000000000e+00  0.000000000000000e+00  0.000000000000000e+00  0.000000000000000e+00  0.000000000000000e+00  0.000000000000000e+00
 4.833333333333333e-01  0.000000000000000e+00  0.000000000000000e+00  0.000000000000000e+00  0.000000000000000e+00  0.000000000000000e+00  0.000000000000000e+00  0.000000000000000e+00  0.000000000000000e+00  0.000000000000000e+00  0.000000000000000e+00  0.000000000000000e+00  0.000000000000000e+00  0.000000000000000e+00  0.000000000000000e+00  0.000000000000000e+00
 5.000000000000000e-01  0.000000000000000e+00  0.000000000000000e+00  0.000000000000000e+00  0.000000000000000e+00  0.000000000000000e+00  0.000000000000000e+00  0.000000000000000e+00  0.000000000000000e+00  0.000000000000000e+00  0.000000000000000e+00  0.000000000000000e+00  0.000000000000000e+00  0.000000000000000e+00  0.000000000000000e+00  0.000000000000000e+00
 5.166666666666667e-01  0.000000000000000e+00  0.000000000000000e+00  0.000000000000000e+00  0.000000000000000e+00  0.000000000000000e+00  0.000000000000000e+00  0.000000000000000e+00  0.000000000000000e+00  0.000000000000000e+00  0.000000000000000e+00  0.000000000000000e+00  0.000000000000000e+00  0.000000000000000e+00  0.000000000000000e+00  0.000000000000000e+00
 5.333333333333333e-01  0.000000000000000e+00  0.000000000000000e+00  0.000000000000000e+00  0.000000000000000e+00  0.000000000000000e+00  0.000000000000000e+00  0.000000000000000e+00  0.000000000000000e+00  0.000000000000000e+00  0.000000000000000e+00  0.000000000000000e+00  0.000000000000000e+00  0.000000000000000e+00  0.000000000000000e+00  0.000000000000000e+00
 5.500000000000000e-01  0.000000000000000e+00  0.000000000000000e+00  0.000000000000000e+00  0.000000000000000e+00  0.000000000000000e+00  0.000000000000000e+00  0.000000000000000e+00  0.000000000000000e+00  0.000000000000000e+00  0.000000000000000e+00  0.000000000000000e+00  0.000000000000000e+00  0.000000000000000e+00  0.000000000000000e+00  0.000000000000000e+00
 5.666666666666667e-01  0.000000000000000e+00  0.000000000000000e+00  0.000000000000000e+00  0.000000000000000e+00  0.000000000000000e+00  0.000000000000000e+00  0.000000000000000e+00  0.000000000000000e+00  0.000000000000000e+00  0.000000000000000e+00  0.000000000000000e+00  0.000000000000000e+00  0.000000000000000e+00  0.000000000000000e+00  0.000000000000000e+00
 5.833333333333334e-01  0.000000000000000e+00  0.000000000000000e+00  0.000000000000000e+00  0.000000000000000e+00  0.000000000000000e+00  0.000000000000000e+00  0.000000000000000e+00  0.000000000000000e+00  0.000000000000000e+00  0.000000000000000e+00  0.000000000000000e+00  0.000000000000000e+00  0.000000000000000e+00  0.000000000000000e+00  0.000000000000000e+00
 6.000000000000000e-01  0.000000000000000e+00  0.000000000000000e+00  0.000000000000000e+00  0.000000000000000e+00  0.000000000000000e+00  0.000000000000000e+00  0.000000000000000e+00  0.000000000000000e+00  0.000000000000000e+00  0.000000000000000e+00  0.000000000000000e+00  0.000000000000000e+00  0.000000000000000e+00  0.000000000000000e+00  0.000000000000000e+00
 6.166666666666667e-01  0.000000000000000e+00  0.000000000000000e+00  0.000000000000000e+00  0.000000000000000e+00  0.000000000000000e+00  0.000000000000000e+00  0.000000000000000e+00  0.000000000000000e+00  0.000000000000000e+00  0.000000000000000e+00  0.000000000000000e+00  0.000000000000000e+00  0.000000000000000e+00  0.000000000000000e+00  0.000000000000000e+00
 6.333333333333333e-01  0.000000000000000e+00  0.000000000000000e+00  0.000000000000000e+00  0.000000000000000e+00  0.000000000000000e+00  0.000000000000000e+00  0.000000000000000e+00  0.000000000000000e+00  0.000000000000000e+00  0.000000000000000e+00  0.000000000000000e+00  0.000000000000000e+00  0.000000000000000e+00  0.000000000000000e+00  0.000000000000000e+00
 6.500000000000000e-01  0.000000000000000e+00  0.000000000000000e+00  0.000000000000000e+00  0.000000000000000e+00  0.000000000000000e+00  0.000000000000000e+00  0.000000000000000e+00  0.000000000000000e+00  0.000000000000000e+00  0.000000000000000e+00  0.000000000000000e+00  0.000000000000000e+00  0.000000000000000e+00  0.000000000000000e+00  0.000000000000000e+00
 6.666666666666666e-01  0.000000000000000e+00  0.000000000000000e+00  0.000000000000000e+00  0.000000000000000e+00  0.000000000000000e+00  0.000000000000000e+00  0.000000000000000e+00  0.000000000000000e+00  0.000000000000000e+00  0.000000000000000e+00  0.000000000000000e+00  0.000000000000000e+00  0.000000000000000e+00  0.000000000000000e+00  0.000000000000000e+00
 6.833333333333333e-01  0.000000000000000e+00  0.000000000000000e+00  0.000000000000000e+00  0.000000000000000e+00  0.000000000000000e+00  0.000000000000000e+00  0.000000000000000e+00  0.000000000000000e+00  0.000000000000000e+00  0.000000000000000e+00  0.000000000000000e+00  0.000000000000000e+00  0.000000000000000e+00  0.000000000000000e+00  0.000000000000000e+00
 7.000000000000000e-01  0.000000000000000e+00  0.000000000000000e+00  0.000000000000000e+00  0.000000000000000e+00  0.000000000000000e+00  0.000000000000000e+00  0.000000000000000e+00  0.000000000000000e+00  0.000000000000000e+00  0.000000000000000e+00  0.000000000000000e+00  0.000000000000000e+00  0.000000000000000e+00  0.000000000000000e+00  0.000000000000000e+00
 7.166666666666667e-01  0.000000000000000e+00  0.000000000000000e+00  0.000000000000000e+00  0.000000000000000e+00  0.000000000000000e+00  0.000000000000000e+00  0.000000000000000e+00  0.000000000000000e+00  0.000000000000000e+00  0.000000000000000e+00  0.000000000000000e+00  0.000000000000000e+00  0.000000000000000e+00  0.000000000000000e+00  0.000000000000000e+00
 7.333333333333333e-01  0.000000000000000e+00  0.000000000000000e+00  0.000000000000000e+00  0.000000000000000e+00  0.000000000000000e+00  0.000000000000000e+00  0.000000000000000e+00  0.000000000000000e+00  0.000000000000000e+00  0.000000000000000e+00  0.000000000000000e+00  0.000000000000000e+00  0.000000000000000e+00  0.000000000000000e+00  0.000000000000000e+00
 7.500000000000000e-01  0.000000000000000e+00  0.000000000000000e+00  0.000000000000000e+00  0.000000000000000e+00  0.000000000000000e+00  0.000000000000000e+00  0.000000000000000e+00  0.000000000000000e+00  0.000000000000000e+00  0.000000000000000e+00  0.000000000000000e+00  0.000000000000000e+00  0.000000000000000e+00  0.000000000000000e+00  0.000000000000000e+00
 7.666666666666667e-01  0.000000000000000e+00  0.000000000000000e+00  0.000000000000000e+00  0.000000000000000e+00  0.000000000000000e+00  0.000000000000000e+00  0.000000000000000e+00  0.000000000000000e+00  0.000000000000000e+00  0.000000000000000e+00  0.000000000000000e+00  0.000000000000000e+00  0.000000000000000e+00  0.000000000000000e+00  0.000000000000000e+00
 7.833333333333333e-01  0.000000000000000e+00  0.000000000000000e+00  0.000000000000000e+00  0.000000000000000e+00  0.000000000000000e+00  0.000000000000000e+00  0.000000000000000e+00  0.000000000000000e+00  0.000000000000000e+00  0.000000000000000e+00  0.000000000000000e+00  0.000000000000000e+00  0.000000000000000e+00  0.000000000000000e+00  0.000000000000000e+00
 8.000000000000000e-01  0.000000000000000e+00  0.000000000000000e+00  0.000000000000000e+00  0.000000000000000e+00  0.000000000000000e+00  0.000000000000000e+00  0.000000000000000e+00  0.000000000000000e+00  0.000000000000000e+00  0.000000000000000e+00  0.000000000000000e+00  0.000000000000000e+00  0.000000000000000e+00  0.000000000000000e+00  0.000000000000000e+00
 8.166666666666667e-01  0.000000000000000e+00  0.000000000000000e+00  0.000000000000000e+00  0.000000000000000e+00  0.000000000000000e+00  0.000000000000000e+00  0.000000000000000e+00  0.000000000000000e+00  0.000000000000000e+00  0.000000000000000e+00  0.000000000000000e+00  0.000000000000000e+00  0.000000000000000e+00  0.000000000000000e+00  0.000000000000000e+00
 8.333333333333334e-01  0.000000000000000e+00  0.000000000000000e+00  0.000000000000000e+00  0.000000000000000e+00  0.000000000000000e+00  0.000000000000000e+00  0.000000000000000e+00  0.000000000000000e+00  0.000000000000000e+00  0.000000000000000e+00  0.000000000000000e+00  0.000000000000000e+00  0.000000000000000e+00  0.000000000000000e+00  0.000000000000000e+00
 8.500000000000000e-01  0.000000000000000e+00  0.000000000000000e+00  0.000000000000000e+00  0.000000000000000e+00  0.000000000000000e+00  0.000000000000000e+00  0.000000000000000e+00  0.000000000000000e+00  0.000000000000000e+00  0.000000000000000e+00  0.000000000000000e+00  0.000000000000000e+00  0.000000000000000e+00  0.000000000000000e+00  0.000000000000000e+00
 8.666666666666667e-01  0.000000000000000e+00  0.000000000000000e+00  0.000000000000000e+00  0.000000000000000e+00  0.000000000000000e+00  0.000000000000000e+00  0.000000000000000e+00  0.000000000000000e+00  0.000000000000000e+00  0.000000000000000e+00  0.000000000000000e+00  0.000000000000000e+00  0.000000000000000e+00  0.000000000000000e+00  0.000000000000000e+00
 8.833333333333333e-01  0.000000000000000e+00  0.000000000000000e+00  0.000000000000000e+00  0.000000000000000e+00  0.000000000000000e+00  0.000000000000000e+00  0.000000000000000e+00  0.000000000000000e+00  0.000000000000000e+00  0.000000000000000e+00  0.000000000000000e+00  0.000000000000000e+00  0.000000000000000e+00  0.000000000000000e+00  0.000000000000000e+00
 9.000000000000000e-01  0.000000000000000e+00  0.000000000000000e+00  0.000000000000000e+00  0.000000000000000e+00  0.000000000000000e+00  0.000000000000000e+00  0.000000000000000e+00  0.000000000000000e+00  0.000000000000000e+00  0.000000000000000e+00  0.000000000000000e+00  0.000000000000000e+00  0.000000000000000e+00  0.000000000000000e+00  0.000000000000000e+00
 9.166666666666666e-01  0.000000000000000e+00  0.000000000000000e+00  0.000000000000000e+00  0.000000000000000e+00  0.000000000000000e+00  0.000000000000000e+00  0.000000000000000e+00  0.000000000000000e+00  0.000000000000000e+00  0.000000000000000e+00  0.000000000000000e+00  0.000000000000000e+00  0.000000000000000e+00  0.000000000000000e+00  0.000000000000000e+00
 9.333333333333333e-01  0.000000000000000e+00  0.000000000000000e+00  0.000000000000000e+00  0.000000000000000e+00  0.000000000000000e+00  0.000000000000000e+00  0.000000000000000e+00  0.000000000000000e+00  0.000000000000000e+00  0.000000000000000e+00  0.000000000000000e+00  0.000000000000000e+00  0.000000000000000e+00  0.000000000000000e+00  0.000000000000000e+00
 9.500000000000000e-01  0.000000000000000e+00  0.000000000000000e+00  0.000000000000000e+00  0.000000000000000e+00  0.000000000000000e+00  0.000000000000000e+00  0.000000000000000e+00  0.000000000000000e+00  0.000000000000000e+00  0.000000000000000e+00  0.000000000000000e+00  0.000000000000000e+00  0.000000000000000e+00  0.000000000000000e+00  0.000000000000000e+00
 9.666666666666667e-01  0.000000000000000e+00  0.000000000000000e+00  0.000000000000000e+00  0.000000000000000e+00  0.000000000000000e+00  0.000000000000000e+00  0.000000000000000e+00  0.000000000000000e+00  0.000000000000000e+00  0.000000000000000e+00  0.000000000000000e+00  0.000000000000000e+00  0.000000000000000e+00  0.000000000000000e+00  0.000000000000000e+00
 9.833333333333333e-01  0.000000000000000e+00  0.000000000000000e+00  0.000000000000000e+00  0.000000000000000e+00  0.000000000000000e+00  0.000000000000000e+00  0.000000000000000e+00  0.000000000000000e+00  0.000000000000000e+00  0.000000000000000e+00  0.000000000000000e+00  0.000000000000000e+00  0.000000000000000e+00  0.000000000000000e+00  0.000000000000000e+00
 1.000000000000000e+00  0.000000000000000e+00  0.000000000000000e+00  0.000000000000000e+00  0.000000000000000e+00  0.000000000000000e+00  0.000000000000000e+00  0.000000000000000e+00  0.000000000000000e+00  0.000000000000000e+00  0.000000000000000e+00  0.000000000000000e+00  0.000000000000000e+00  0.000000000000000e+00  0.000000000000000e+00  0.000000000000000e+00
