0	0.0010911	0.0042912	0.0094922	0.016588	0.025473	0.036046	0.048206	0.061853	0.076891	0.093225	0.11076	0.12941	0.14907	0.16967	0.19112	0.21332	0.23621	0.2597	0.28371	0.30816	0.33299	0.35811	0.38345	0.40895	0.43454	0.46016	0.48573	0.5112	0.5365	0.56159	0.5864	0.61087	0.63497	0.65863	0.6818	0.70445	0.72652	0.74798	0.76878	0.78888	0.80824	0.82684	0.84463	0.86159	0.87769	0.8929	0.90718	0.92053	0.93291	0.94431	0.9547	0.96406	0.97238	0.97963	0.98581	0.99089	0.99487	0.99771	0.99943	1
0	0.0010904	0.0042888	0.0094869	0.016578	0.025459	0.036026	0.048179	0.061819	0.076849	0.093173	0.1107	0.12933	0.14899	0.16958	0.19101	0.21321	0.23609	0.25956	0.28356	0.308	0.33282	0.35793	0.38326	0.40875	0.43433	0.45993	0.4855	0.51096	0.53626	0.56134	0.58614	0.61061	0.6347	0.65836	0.68154	0.70419	0.72626	0.74772	0.76852	0.78863	0.808	0.8266	0.84441	0.86138	0.87749	0.89271	0.90701	0.92037	0.93277	0.94418	0.95459	0.96397	0.97231	0.97958	0.98577	0.99087	0.99485	0.99771	0.99943	1
0	0.0010886	0.0042816	0.009471	0.016551	0.025417	0.035966	0.048099	0.061717	0.076722	0.09302	0.11052	0.12912	0.14875	0.1693	0.19071	0.21287	0.23571	0.25916	0.28312	0.30753	0.33231	0.35738	0.38269	0.40815	0.4337	0.45927	0.48481	0.51025	0.53553	0.56059	0.58538	0.60984	0.63392	0.65757	0.68074	0.70339	0.72547	0.74694	0.76775	0.78788	0.80727	0.8259	0.84374	0.86074	0.87689	0.89215	0.9065	0.91991	0.93236	0.94382	0.95428	0.96371	0.9721	0.97942	0.98565	0.99079	0.9948	0.99769	0.99942	1
0	0.0010856	0.0042698	0.0094449	0.016505	0.025347	0.035867	0.047967	0.061548	0.076512	0.092766	0.11022	0.12877	0.14835	0.16885	0.1902	0.21231	0.23509	0.25848	0.28239	0.30674	0.33146	0.35649	0.38174	0.40715	0.43265	0.45818	0.48368	0.50908	0.53432	0.55935	0.58411	0.60855	0.63262	0.65626	0.67943	0.70208	0.72417	0.74565	0.76649	0.78664	0.80607	0.82474	0.84263	0.85969	0.8759	0.89123	0.90565	0.91914	0.93167	0.94322	0.95376	0.96328	0.97175	0.97915	0.98546	0.99066	0.99473	0.99765	0.99941	1
0	0.0010814	0.0042534	0.0094086	0.016442	0.02525	0.03573	0.047784	0.061314	0.076222	0.092416	0.1098	0.12829	0.14779	0.16822	0.1895	0.21153	0.23424	0.25754	0.28137	0.30565	0.3303	0.35525	0.38042	0.40576	0.4312	0.45667	0.48211	0.50745	0.53265	0.55764	0.58236	0.60677	0.63082	0.65445	0.67761	0.70026	0.72236	0.74387	0.76473	0.78493	0.80441	0.82314	0.84109	0.85823	0.87453	0.88995	0.90447	0.91807	0.93071	0.94238	0.95304	0.96268	0.97127	0.97878	0.98519	0.99048	0.99462	0.9976	0.9994	1
0	0.0010762	0.0042327	0.0093629	0.016362	0.025127	0.035557	0.047553	0.061018	0.075855	0.091972	0.10928	0.12768	0.14709	0.16743	0.18861	0.21054	0.23315	0.25636	0.28009	0.30427	0.32882	0.35368	0.37876	0.40402	0.42937	0.45476	0.48012	0.5054	0.53053	0.55547	0.58015	0.60453	0.62854	0.65215	0.67531	0.69797	0.72008	0.74161	0.76252	0.78276	0.8023	0.82111	0.83915	0.85639	0.87279	0.88833	0.90299	0.91672	0.92951	0.94132	0.95214	0.96192	0.97065	0.97831	0.98485	0.99025	0.99449	0.99754	0.99938	1
0	0.0010699	0.0042079	0.009308	0.016266	0.02498	0.03535	0.047276	0.060663	0.075416	0.091441	0.10865	0.12695	0.14625	0.16648	0.18754	0.20936	0.23186	0.25495	0.27856	0.30262	0.32706	0.3518	0.37677	0.40192	0.42717	0.45247	0.47774	0.50294	0.528	0.55287	0.5775	0.60183	0.62581	0.6494	0.67255	0.69521	0.71734	0.73891	0.75986	0.78016	0.79978	0.81867	0.83682	0.85417	0.87071	0.8864	0.9012	0.9151	0.92806	0.94005	0.95105	0.96101	0.96992	0.97774	0.98444	0.98998	0.99433	0.99747	0.99937	1
0	0.0010626	0.0041793	0.0092448	0.016156	0.024811	0.035111	0.046957	0.060255	0.074909	0.090829	0.10792	0.12611	0.14529	0.16539	0.18632	0.208	0.23036	0.25331	0.27679	0.30071	0.32502	0.34963	0.37448	0.3995	0.42464	0.44982	0.475	0.5001	0.52508	0.54988	0.57444	0.59872	0.62267	0.64623	0.66937	0.69203	0.71419	0.73578	0.75679	0.77716	0.79686	0.81586	0.83413	0.85162	0.8683	0.88416	0.89914	0.91323	0.92639	0.93859	0.94979	0.95996	0.96908	0.97709	0.98396	0.98966	0.99415	0.99739	0.99935	1
0	0.0010544	0.0041472	0.0091739	0.016032	0.024621	0.034843	0.046599	0.059797	0.074342	0.090143	0.10711	0.12516	0.1442	0.16416	0.18494	0.20648	0.22868	0.25148	0.27481	0.29858	0.32273	0.3472	0.37191	0.39679	0.4218	0.44686	0.47192	0.49692	0.5218	0.54652	0.57101	0.59523	0.61914	0.64267	0.6658	0.68847	0.71064	0.73228	0.75334	0.77379	0.79359	0.81271	0.8311	0.84875	0.8656	0.88164	0.89683	0.91113	0.92451	0.93694	0.94837	0.95878	0.96812	0.97635	0.98343	0.98931	0.99394	0.99729	0.99932	1
0	0.0010455	0.0041121	0.0090962	0.015896	0.024413	0.034549	0.046207	0.059295	0.073719	0.089391	0.10622	0.12412	0.14302	0.16281	0.18343	0.2048	0.22684	0.24948	0.27263	0.29624	0.32023	0.34453	0.36908	0.39382	0.41869	0.44361	0.46855	0.49343	0.51821	0.54283	0.56725	0.59141	0.61526	0.63877	0.66188	0.68456	0.70676	0.72844	0.74956	0.7701	0.79	0.80925	0.82779	0.8456	0.86264	0.87888	0.89429	0.90882	0.92245	0.93513	0.94682	0.95749	0.96708	0.97555	0.98285	0.98892	0.99372	0.99719	0.99929	1
0	0.0010359	0.0040742	0.0090126	0.015751	0.024189	0.034232	0.045785	0.058754	0.073049	0.088581	0.10526	0.12301	0.14174	0.16136	0.18181	0.203	0.22486	0.24732	0.27029	0.29372	0.31753	0.34166	0.36605	0.39062	0.41533	0.44012	0.46491	0.48967	0.51434	0.53886	0.5632	0.58729	0.61109	0.63456	0.65766	0.68034	0.70257	0.7243	0.74549	0.76612	0.78614	0.80551	0.82421	0.8422	0.85944	0.8759	0.89155	0.90633	0.92022	0.93318	0.94515	0.95609	0.96595	0.97468	0.98222	0.9885	0.99347	0.99708	0.99927	1
0	0.0010257	0.0040342	0.0089241	0.015596	0.023952	0.033898	0.045338	0.058182	0.07234	0.087723	0.10425	0.12183	0.14038	0.15983	0.18009	0.2011	0.22277	0.24503	0.26781	0.29105	0.31467	0.33862	0.36283	0.38724	0.41178	0.43641	0.46106	0.48569	0.51024	0.53466	0.5589	0.58292	0.60667	0.63011	0.65319	0.67587	0.69813	0.7199	0.74117	0.76189	0.78203	0.80155	0.82042	0.8386	0.85605	0.87274	0.88864	0.90369	0.91786	0.9311	0.94337	0.9546	0.96475	0.97376	0.98155	0.98805	0.99321	0.99696	0.99924	1
0	0.001015	0.0039923	0.0088316	0.015435	0.023705	0.033548	0.044871	0.057584	0.071599	0.086828	0.10319	0.12059	0.13897	0.15823	0.1783	0.1991	0.22057	0.24264	0.26522	0.28826	0.31169	0.33545	0.35947	0.38369	0.40807	0.43254	0.45704	0.48153	0.50595	0.53026	0.55441	0.57835	0.60205	0.62545	0.64851	0.6712	0.69348	0.71531	0.73665	0.75747	0.77774	0.79741	0.81645	0.83483	0.8525	0.86944	0.88559	0.90092	0.91539	0.92893	0.9415	0.95305	0.9635	0.97279	0.98084	0.98759	0.99294	0.99684	0.9992	1
0	0.0010041	0.0039492	0.0087362	0.015268	0.023449	0.033187	0.044389	0.056968	0.070834	0.085904	0.10209	0.11932	0.13751	0.15657	0.17645	0.19705	0.21831	0.24017	0.26255	0.28538	0.30861	0.33217	0.356	0.38004	0.40424	0.42854	0.45289	0.47723	0.50153	0.52573	0.54978	0.57364	0.59727	0.62063	0.64368	0.66638	0.68868	0.71057	0.73199	0.75291	0.7733	0.79313	0.81235	0.83093	0.84883	0.86602	0.88244	0.89806	0.91283	0.92669	0.93958	0.95144	0.9622	0.97179	0.98012	0.9871	0.99266	0.99671	0.99917	1
0	0.00099288	0.0039052	0.008639	0.015098	0.023189	0.032819	0.043898	0.056339	0.070055	0.084962	0.10098	0.11802	0.13602	0.15489	0.17456	0.19496	0.21601	0.23766	0.25982	0.28245	0.30547	0.32883	0.35246	0.37632	0.40033	0.42446	0.44865	0.47285	0.49702	0.5211	0.54505	0.56883	0.59241	0.61573	0.63875	0.66145	0.68379	0.70573	0.72722	0.74825	0.76877	0.78875	0.80816	0.82695	0.84508	0.86252	0.87922	0.89514	0.91021	0.92439	0.93761	0.94979	0.96087	0.97076	0.97937	0.98661	0.99237	0.99658	0.99914	1
0	0.0009816	0.0038609	0.008541	0.014927	0.022927	0.032448	0.043404	0.055706	0.06927	0.084013	0.099854	0.11671	0.13452	0.15319	0.17265	0.19284	0.21369	0.23512	0.25708	0.27949	0.30231	0.32546	0.3489	0.37256	0.3964	0.42035	0.44438	0.46844	0.49247	0.51643	0.54028	0.56399	0.5875	0.61077	0.63378	0.65649	0.67885	0.70084	0.72242	0.74355	0.7642	0.78434	0.80393	0.82293	0.8413	0.85899	0.87597	0.89218	0.90757	0.92207	0.93562	0.94813	0.95953	0.96973	0.97862	0.98611	0.99208	0.99644	0.9991	1
0	0.00097036	0.0038167	0.0084433	0.014757	0.022665	0.032079	0.04291	0.055074	0.068487	0.083066	0.098734	0.11541	0.13302	0.1515	0.17076	0.19074	0.21137	0.23259	0.25434	0.27654	0.29915	0.3221	0.34534	0.36881	0.39247	0.41626	0.44013	0.46403	0.48793	0.51178	0.53553	0.55915	0.5826	0.60583	0.62882	0.65153	0.67392	0.69596	0.71762	0.73886	0.75964	0.77994	0.79971	0.81891	0.83752	0.85547	0.87273	0.88923	0.90493	0.91975	0.93363	0.94647	0.95819	0.96869	0.97787	0.98561	0.99179	0.99631	0.99907	1
0	0.00095928	0.0037731	0.0083469	0.014588	0.022407	0.031714	0.042424	0.054451	0.067715	0.082133	0.097629	0.11412	0.13155	0.14983	0.16889	0.18866	0.20909	0.2301	0.25164	0.27364	0.29604	0.31879	0.34183	0.36512	0.3886	0.41221	0.43593	0.45969	0.48345	0.50718	0.53084	0.55438	0.57776	0.60096	0.62393	0.64664	0.66906	0.69115	0.71288	0.73422	0.75513	0.77558	0.79553	0.81495	0.83378	0.85199	0.86952	0.88632	0.90232	0.91746	0.93166	0.94483	0.95687	0.96767	0.97713	0.98511	0.9915	0.99618	0.99904	1
0	0.00094847	0.0037306	0.008253	0.014424	0.022155	0.031359	0.041949	0.053844	0.066961	0.081223	0.096551	0.11287	0.13011	0.1482	0.16706	0.18664	0.20686	0.22767	0.249	0.2708	0.293	0.31556	0.33841	0.36152	0.38482	0.40827	0.43183	0.45545	0.47909	0.5027	0.52626	0.54972	0.57305	0.5962	0.61915	0.64187	0.66431	0.68645	0.70826	0.7297	0.75073	0.77133	0.79146	0.81107	0.83013	0.84858	0.86638	0.88347	0.89977	0.91522	0.92973	0.94322	0.95557	0.96667	0.9764	0.98463	0.99122	0.99605	0.99901	1
0	0.00093804	0.0036896	0.0081624	0.014266	0.021913	0.031016	0.041492	0.053258	0.066235	0.080345	0.095512	0.11166	0.12872	0.14663	0.1653	0.18469	0.20472	0.22533	0.24646	0.26806	0.29008	0.31244	0.33511	0.35804	0.38117	0.40447	0.42788	0.45136	0.47487	0.49838	0.52185	0.54523	0.5685	0.59161	0.61454	0.63726	0.65973	0.68192	0.7038	0.72533	0.74649	0.76723	0.78753	0.80733	0.82661	0.8453	0.86335	0.88071	0.89731	0.91306	0.92788	0.94167	0.95432	0.9657	0.9757	0.98416	0.99095	0.99593	0.99897	1
0	0.00092812	0.0036506	0.0080762	0.014116	0.021682	0.03069	0.041056	0.052701	0.065544	0.07951	0.094523	0.11051	0.1274	0.14513	0.16363	0.18283	0.20267	0.2231	0.24404	0.26546	0.28729	0.30948	0.33197	0.35473	0.3777	0.40085	0.42411	0.44747	0.47086	0.49427	0.51764	0.54095	0.56416	0.58724	0.61016	0.63287	0.65537	0.6776	0.69955	0.72117	0.74244	0.76332	0.78378	0.80377	0.82325	0.84217	0.86047	0.87809	0.89496	0.91099	0.9261	0.94018	0.95312	0.96478	0.97503	0.98371	0.99069	0.99581	0.99894	1
0	0.0009188	0.0036139	0.0079951	0.013974	0.021465	0.030383	0.040647	0.052177	0.064895	0.078725	0.093594	0.10943	0.12616	0.14373	0.16205	0.18108	0.20075	0.221	0.24177	0.26301	0.28467	0.30669	0.32902	0.35162	0.37445	0.39745	0.42058	0.44381	0.4671	0.4904	0.51369	0.53693	0.56009	0.58313	0.60603	0.62875	0.65126	0.67354	0.69555	0.71726	0.73864	0.75965	0.78026	0.80042	0.82009	0.83922	0.85775	0.87562	0.89275	0.90905	0.92444	0.93879	0.95199	0.96391	0.9744	0.98329	0.99045	0.9957	0.99892	1
0	0.00091018	0.00358	0.0079202	0.013843	0.021264	0.0301	0.040269	0.051693	0.064294	0.077999	0.092734	0.10843	0.12502	0.14243	0.1606	0.17947	0.19897	0.21906	0.23967	0.26075	0.28225	0.30411	0.3263	0.34875	0.37143	0.3943	0.41731	0.44043	0.46361	0.48683	0.51004	0.53322	0.55633	0.57934	0.60222	0.62494	0.64747	0.66979	0.69185	0.71364	0.73512	0.75625	0.77699	0.79732	0.81717	0.83649	0.85524	0.87333	0.8907	0.90725	0.92289	0.9375	0.95095	0.96311	0.97381	0.98291	0.99022	0.99559	0.99889	1
0	0.00090234	0.0035493	0.0078521	0.013725	0.021082	0.029842	0.039925	0.051253	0.063749	0.07734	0.091954	0.10752	0.12397	0.14125	0.15928	0.178	0.19736	0.2173	0.23776	0.2587	0.28005	0.30177	0.32382	0.34614	0.36869	0.39144	0.41434	0.43736	0.46045	0.48358	0.50672	0.52984	0.55291	0.57589	0.59875	0.62147	0.64402	0.66637	0.68849	0.71035	0.73192	0.75316	0.77403	0.7945	0.81451	0.83401	0.85295	0.87125	0.88884	0.90562	0.92148	0.93632	0.95	0.96238	0.97328	0.98255	0.99001	0.9955	0.99886	1
0	0.00089538	0.0035219	0.0077916	0.013619	0.02092	0.029613	0.03962	0.050862	0.063264	0.076754	0.09126	0.10671	0.12305	0.1402	0.1581	0.1767	0.19593	0.21574	0.23607	0.25687	0.2781	0.29969	0.32161	0.34382	0.36626	0.3889	0.4117	0.43463	0.45763	0.48069	0.50377	0.52684	0.54987	0.57282	0.59567	0.61839	0.64096	0.66334	0.68551	0.70743	0.72907	0.75041	0.77139	0.79199	0.81214	0.83181	0.85092	0.8694	0.88718	0.90416	0.92023	0.93528	0.94916	0.96172	0.97281	0.98224	0.98983	0.99542	0.99884	1
0	0.00088936	0.0034982	0.0077394	0.013528	0.02078	0.029416	0.039356	0.050524	0.062845	0.076247	0.09066	0.10602	0.12225	0.13929	0.15709	0.17557	0.19469	0.21438	0.2346	0.25529	0.27641	0.29789	0.31971	0.34181	0.36416	0.38671	0.40942	0.43227	0.4552	0.4782	0.50122	0.52425	0.54724	0.57017	0.59301	0.61573	0.63831	0.66072	0.68293	0.7049	0.72662	0.74803	0.76911	0.78982	0.8101	0.8299	0.84916	0.8678	0.88575	0.9029	0.91915	0.93437	0.94843	0.96116	0.9724	0.98196	0.98967	0.99534	0.99883	1
0	0.00088435	0.0034785	0.0076958	0.013452	0.020663	0.029251	0.039136	0.050242	0.062496	0.075825	0.09016	0.10543	0.12158	0.13854	0.15624	0.17463	0.19366	0.21326	0.23338	0.25398	0.275	0.2964	0.31813	0.34014	0.36241	0.38488	0.40752	0.4303	0.45318	0.47612	0.4991	0.52209	0.54505	0.56796	0.59079	0.61351	0.63611	0.65853	0.68078	0.7028	0.72457	0.74605	0.76721	0.78801	0.80839	0.82831	0.84769	0.86647	0.88455	0.90185	0.91825	0.93362	0.94782	0.96069	0.97206	0.98174	0.98954	0.99528	0.99881	1
0	0.0008804	0.003463	0.0076614	0.013392	0.020571	0.029121	0.038962	0.05002	0.062221	0.075492	0.089767	0.10498	0.12105	0.13794	0.15557	0.17389	0.19284	0.21237	0.23242	0.25294	0.27389	0.29522	0.31688	0.33883	0.36103	0.38344	0.40603	0.42875	0.45158	0.47448	0.49743	0.52038	0.54332	0.56622	0.58904	0.61177	0.63437	0.65681	0.67908	0.70114	0.72295	0.74449	0.76572	0.78659	0.80705	0.82705	0.84653	0.86541	0.88361	0.90102	0.91754	0.93302	0.94734	0.96032	0.97179	0.98156	0.98943	0.99524	0.9988	1
0	0.00087755	0.0034518	0.0076366	0.013348	0.020505	0.029027	0.038837	0.04986	0.062022	0.075252	0.089482	0.10464	0.12067	0.13751	0.15509	0.17336	0.19225	0.21173	0.23172	0.25219	0.27309	0.29436	0.31597	0.33788	0.36003	0.3824	0.40494	0.42763	0.45043	0.4733	0.49622	0.51915	0.54208	0.56496	0.58778	0.6105	0.63311	0.65557	0.67785	0.69994	0.72178	0.74336	0.76463	0.78556	0.80608	0.82615	0.8457	0.86465	0.88293	0.90042	0.91702	0.9326	0.94699	0.96005	0.97159	0.98143	0.98936	0.9952	0.99879	1
0	0.00087582	0.003445	0.0076217	0.013322	0.020465	0.02897	0.038761	0.049763	0.061902	0.075107	0.08931	0.10444	0.12045	0.13725	0.1548	0.17303	0.1919	0.21134	0.2313	0.25174	0.27261	0.29385	0.31543	0.3373	0.35943	0.38177	0.40429	0.42696	0.44973	0.47259	0.49549	0.51841	0.54132	0.5642	0.58702	0.60974	0.63235	0.65482	0.67711	0.69921	0.72108	0.74268	0.76398	0.78493	0.80549	0.8256	0.84519	0.86419	0.88252	0.90006	0.91671	0.93234	0.94678	0.95989	0.97148	0.98135	0.98931	0.99518	0.99878	1
0	0.00087525	0.0034427	0.0076166	0.013313	0.020451	0.028951	0.038736	0.04973	0.061862	0.075059	0.089253	0.10438	0.12037	0.13716	0.1547	0.17293	0.19178	0.21121	0.23116	0.25159	0.27244	0.29368	0.31525	0.33711	0.35923	0.38156	0.40407	0.42673	0.4495	0.47235	0.49524	0.51816	0.54107	0.56395	0.58676	0.60949	0.6321	0.65457	0.67687	0.69897	0.72084	0.74245	0.76376	0.78473	0.8053	0.82542	0.84502	0.86404	0.88238	0.89994	0.91661	0.93225	0.94671	0.95984	0.97144	0.98132	0.9893	0.99517	0.99878	1
