 0.000000000000000e+00  0.000000000000000e+00  0.000000000000000e+00  0.000000000000000e+00 -2.081668171172169e-16  1.034593314880238e-01  0.000000000000000e+00  0.000000000000000e+00  0.000000000000000e+00  1.207367539279858e-14  1.266965442656093e-01  0.000000000000000e+00  0.000000000000000e+00  0.000000000000000e+00  0.000000000000000e+00  1.564825570007109e-01
 1.666666666666667e-02 -3.854473669296176e-07 -1.617962905734512e-06 -1.619221301238849e-06  1.568525230949414e-07  1.034546762442887e-01 -4.403914517278195e-07 -4.544105280661348e-06 -1.228222264817265e-06  1.195111249407965e-07  1.266868517148761e-01 -5.640122183252252e-07 -9.843539797774453e-06 -2.204799456559121e-07  6.335651867028780e-08  1.564653295588361e-01
 3.333333333333333e-02 -1.568860019275355e-06 -6.365332932990568e-06 -6.370250933549447e-06  6.485225717972609e-07  1.034404692059243e-01 -1.792714682760074e-06 -1.787468465801970e-05 -4.836424022986244e-06  4.943034045690187e-07  1.266571125579622e-01 -2.295672900389249e-06 -3.870516363277442e-05 -8.823370381124893e-07  2.624578665511024e-07  1.564122796160455e-01
 5.000000000000000e-02 -3.593768364578591e-06 -1.408703967568405e-05 -1.409784474008108e-05  1.508664486518652e-06  1.034162036157431e-01 -4.107404890604598e-06 -3.954853594698333e-05 -1.072001896541656e-05  1.150088314139097e-06  1.266062935866570e-01 -5.258723242338587e-06 -8.557861262004779e-05 -2.008849303731033e-06  6.116137659800680e-07  1.563215752398862e-01
 6.666666666666667e-02 -6.507943068266163e-06 -2.463424311697354e-05 -2.465300274015481e-05  2.772665160258314e-06  1.033813254740545e-01 -7.440293489441676e-06 -6.913484996178519e-05 -1.878779739707820e-05  2.114416813053799e-06  1.265333041685396e-01 -9.523130487028623e-06 -1.494538117154769e-04 -3.653145921475587e-06  1.126770867915239e-06  1.561913354601014e-01
 8.333333333333333e-02 -1.036385447426001e-05 -3.786425836641016e-05 -3.789289697589404e-05  4.478025414395015e-06  1.033352417691642e-01 -1.185320797275060e-05 -1.062149285628484e-04 -2.896171984035148e-05  3.416775698927843e-06  1.264369924932274e-01 -1.516573739572470e-05 -2.293168110625438e-04 -5.897607360413198e-06  1.825656139944898e-06  1.560195954824210e-01
 1.000000000000000e-01 -1.521917622575525e-05 -5.364046287178320e-05 -5.368077540311711e-05  6.664414449950029e-06  1.032773128692769e-01 -1.741462295571836e-05 -1.503817686158079e-04 -4.117661184965121e-05  5.088684569054536e-06  1.263161415461601e-01 -2.227096000833239e-05 -3.241497305420046e-04 -8.852971065967385e-06  2.727991880863145e-06  1.558043092332035e-01
 1.166666666666667e-01 -2.113733625049973e-05 -7.183217205405934e-05 -7.188583253827513e-05  9.373692308772830e-06  1.032068475067314e-01 -2.420036429352009e-05 -2.012394981678600e-04 -5.537974924317568e-05  7.163792668518632e-06  1.261694647869841e-01 -3.093153515177239e-05 -4.329306799317062e-04 -1.265711794021934e-05  3.855729706625510e-06  1.555433466821967e-01
 1.333333333333333e-01 -2.818811858443454e-05 -9.231447663338860e-05 -9.238304273858494e-05  1.264990838589775e-05  1.031230974045613e-01 -3.229436766563707e-05 -2.584026505739120e-04 -7.153032216990901e-05  9.677974581998039e-06  1.259956015114452e-01 -4.124931598974710e-05 -5.546336328162427e-04 -1.747350357408917e-05  5.233307933449893e-06  1.552344914234576e-01
 1.500000000000000e-01 -3.644831917200449e-05 -1.149680344552373e-04 -1.150529496442010e-04  1.653928240830105e-05  1.030252515806036e-01 -4.178949232457301e-05 -3.214952618355305e-04 -8.959876563206792e-05  1.266942350601485e-05  1.257931118737347e-01 -5.333611287057938e-05 -6.882282486089381e-04 -2.348920640311836e-05  6.887933587856887e-06  1.548754384288553e-01
 1.666666666666667e-01 -4.600245863055179e-05 -1.396788111322211e-04 -1.397814061930708e-04  2.109016119108964e-05  1.029124301179572e-01 -5.278838978407894e-05 -3.901497760722961e-04 -1.095659432774621e-04  1.617874056504542e-05  1.255604715452992e-01 -6.731457536143966e-05 -8.326796434797307e-04 -3.091256664432274e-05  8.849890006740191e-06  1.544637919152775e-01
 1.833333333333333e-01 -5.694355466999944e-05 -1.663377643424252e-04 -1.664592588488112e-04  2.635294928854393e-05  1.027836773032968e-01 -6.540442601320022e-05 -4.640057438699552e-04 -1.314221704780821e-04  2.024901831433612e-05  1.252960659852721e-01 -8.331910997315135e-05 -9.869481122774665e-04 -3.997039205717867e-05  1.115287144592969e-05  1.539970632295653e-01
 2.000000000000000e-01 -6.937395624995700e-05 -1.948404645270851e-04 -1.949819685699850e-04  3.238000887678671e-05  1.026379540994102e-01 -7.976265414289495e-05 -5.427082982930737e-04 -1.551660619427131e-04  2.492591618624695e-05  1.249981842965883e-01 -1.014968254599204e-04 -1.149988798975599e-03 -5.090470480925702e-05  1.383434396605432e-05  1.534726688760585e-01
 2.166666666666667e-01 -8.340624078556451e-05 -2.250866440940691e-04 -2.252491600988893e-04  3.922552244084443e-05  1.024741298689534e-01 -9.600083270148475e-05 -6.259063936601417e-04 -1.808031883918648e-04  3.025772517444014e-05  1.246650126414635e-01 -1.220084950296872e-04 -1.320751312829091e-03 -6.396900802613237e-05  1.693593236469504e-05  1.528879286329960e-01
 2.333333333333333e-01 -9.916417466604779e-05 -2.569796661952839e-04 -2.571640908203832e-04  4.694531211421604e-05  1.022909732647890e-01 -1.142704818784673e-04 -7.132507928222509e-04 -2.083445261802097e-04  3.629541849448081e-05  1.242946271896402e-01 -1.450295211756093e-04 -1.498179285077006e-03 -7.942405165595190e-05  2.050383114732268e-05  1.522400638250788e-01
 2.500000000000000e-01 -1.167837357685057e-04 -2.904259017626754e-04 -2.906330281968739e-04  5.559660911950981e-05  1.020871421921355e-01 -1.347379671577630e-04 -8.043917897425368e-04 -2.378046832336167e-04  4.309268428388802e-05  1.238849865730414e-01 -1.707508847430053e-04 -1.681209862680583e-03 -9.753308328325216e-05  2.458923746510855e-05  1.515261957493546e-01
 2.666666666666667e-01 -1.364141946563376e-04 -3.253340036561414e-04 -3.255645234729321e-04  6.523776798605940e-05  1.018611727650046e-01 -1.575855957222823e-04 -8.989766557238599e-04 -2.691998843098731e-04  5.070593558716141e-05  1.234339238214574e-01 -1.993800545609919e-04 -1.868773133905877e-03 -1.185565735811467e-04  2.924880057940393e-05  1.507433442960755e-01
 2.833333333333333e-01 -1.582192482131456e-04 -3.616140642168364e-04 -3.618685693206891e-04  7.592791756812212e-05  1.016114671588055e-01 -1.830127061457111e-04 -9.966467997840345e-04 -3.025456984708796e-04  5.919429186779235e-05  1.229391377556086e-01 -2.311418266334603e-04 -2.059791475180317e-03 -1.427464090799080e-04  3.454508166066128e-05  1.498884269423603e-01
 3.000000000000000e-01 -1.823781960365554e-04 -3.991766403244612e-04 -3.994556249106163e-04  8.772654081065645e-05  1.013362802605108e-01 -2.112367258544669e-04 -1.097034636550087e-03 -3.378544918346549e-04  6.861952506305447e-05  1.223981838168604e-01 -2.662790561147356e-04 -2.253178819623364e-03 -1.703395596766022e-04  4.054701461081445e-05  1.489582580182100e-01
 3.166666666666667e-01 -2.090871450042622e-04 -4.379316295424207e-04 -4.382354915303255e-04  1.006929752481595e-04  1.010337050061252e-01 -2.424941634254774e-04 -1.199760158765162e-03 -3.751325892699109e-04  7.904596168112343e-05  1.218084643171524e-01 -3.050532351919766e-04 -2.447839845054839e-03 -2.015512369197836e-04  4.733035506394867e-05  1.479495483478987e-01
 3.333333333333333e-01 -2.385602212952725e-04 -4.777869781995570e-04 -4.781160214374913e-04  1.148858257174479e-04  1.007016562974962e-01 -2.770414937001732e-04 -1.304427216250958e-03 -4.143771298194543e-04  9.054033056507538e-05  1.211672180988825e-01 -3.477448588409850e-04 -2.642669073523174e-03 -2.365675631296749e-04  5.497810078218535e-05  1.468589053772937e-01
 3.500000000000000e-01 -2.710307612872054e-04 -5.186472008886223e-04 -5.190016360610006e-04  1.303622796687137e-04  1.003378533869292e-01 -3.151558826049658e-04 -1.410619509103761e-03 -4.555726024537132e-04  1.031715436177055e-04  1.204715096029677e-01 -3.946535083841178e-04 -2.836549885194439e-03 -2.755377959951510e-04  6.358086128148421e-05  1.456828338245967e-01
 3.666666666666666e-01 -3.067524424736970e-04 -5.604116861366859e-04 -5.607916325494067e-04  1.471773152226102e-04  9.993980061758456e-02 -3.571356850780652e-04 -1.517896310253453e-03 -4.986870514604447e-04  1.170103938748640e-04  1.197182173547341e-01 -4.460975667044051e-04 -3.028353447993681e-03 -3.185661594478639e-04  7.323714752592581e-05  1.444177369658623e-01
 3.833333333333334e-01 -3.460003026850844e-04 -6.029727667712370e-04 -6.033782536247201e-04  1.653827904545130e-04  9.950476640734902e-02 -4.033006331451150e-04 -1.625787941518353e-03 -5.436679446069737e-04  1.321291516813428e-04  1.189040218924623e-01 -5.024134612396994e-04 -3.216937566011047e-03 -3.657033545360067e-04  8.405354570384382e-05  1.430599186488505e-01
 4.000000000000000e-01 -3.890715794712049e-04 -6.462135238984867e-04 -6.466444921829906e-04  1.850264040296201e-04  9.902976037199442e-02 -4.539916114199502e-04 -1.733791038211363e-03 -5.904377024925633e-04  1.486010351746392e-04  1.180253931832114e-01 -5.639543090997165e-04 -3.401145456934596e-03 -4.169378440327387e-04  9.614472762602133e-05  1.416055861773780e-01
 4.166666666666667e-01 -4.362862807659393e-04 -6.900053002971696e-04 -6.904616044184908e-04  2.061505141600778e-04  9.851150850498376e-02 -5.095698935082896e-04 -1.841363650544381e-03 -6.388888945924043e-04  1.664995255753476e-04  1.170785775961785e-01 -6.310878133394676e-04 -3.579804476149528e-03 -4.721870242234694e-04  1.096332406722439e-04  1.400508542151162e-01
 4.333333333333333e-01 -4.879873719305788e-04 -7.342048911007648e-04 -7.346862994684900e-04  2.287908007618938e-04  9.794642633927736e-02 -5.704156842454983e-04 -1.947920245866208e-03 -6.888791168824238e-04  1.858974906340793e-04  1.160595845367270e-01 -7.041932307978380e-04 -3.751724812130208e-03 -5.312884307998589e-04  1.246490037795506e-04  1.383917498588947e-01
 4.500000000000000e-01 -5.445404320151628e-04 -7.786513855089217e-04 -7.791575819699470e-04  2.529747576272140e-04  9.733059005871698e-02 -6.369257786146207e-04 -2.052826694624366e-03 -7.402255781761014e-04  2.068660706254222e-04  1.149641728860617e-01 -7.836571977901524e-04 -3.915698195431361e-03 -5.939911451490199e-04  1.413284208581084e-04  1.366242190760427e-01
 4.666666666666667e-01 -6.063325907871009e-04 -8.231626310558626e-04 -8.236932160372579e-04  2.787199934142920e-04  9.665970557427843e-02 -7.095101076881188e-04 -2.155395345333377e-03 -7.926994381212138e-04  2.294732700954816e-04  1.137878374444987e-01 -8.698681594280777e-04 -4.070496671176593e-03 -6.599476122320924e-04  1.598130009249216e-04  1.347441347786026e-01
 4.833333333333333e-01 -6.737705088177420e-04 -8.675312995835016e-04 -8.680857927741981e-04  3.060323181334618e-04  9.592907563651586e-02 -7.885868941074764e-04 -2.254880320359143e-03 -8.460199600566209e-04  2.537821846384791e-04  1.125257956429267e-01 -9.632091047416941e-04 -4.214871512315532e-03 -7.287061037990483e-04  1.802473532503401e-04  1.327473067976478e-01
 5.000000000000000e-01 -7.472771006001161e-04 -9.115205446950103e-04 -9.120983848325270e-04  3.349035854421922e-04  9.513356514914063e-02 -8.745760835323496e-04 -2.350473195658398e-03 -8.998485676460222e-04  2.798487747482509e-04  1.111729748705112e-01 -1.064048260972700e-03 -4.347552384726061e-03 -7.997041166327712e-04  2.027763969536106e-04  1.306294940478507e-01
 5.166666666666667e-01 -8.272866254337985e-04 -9.548592451865678e-04 -9.554597916442420e-04  3.653092505166156e-04  9.426756496888158e-02 -9.678906533306803e-04 -2.441299264617780e-03 -9.537829266236253e-04  3.077190776196448e-04  1.097240008707117e-01 -1.172727341711310e-03 -4.467246905178690e-03 -8.722630274148324e-04  2.275415948656961e-04  1.283864193040483e-01
 5.333333333333333e-01 -9.142376789219447e-04 -9.972368569841628e-04 -9.978593901541766e-04  3.972055890887616e-04  9.332495463410788e-02 -1.068925324930289e-03 -2.526414629686058e-03 -1.007351213578644e-03  3.374257220544047e-04  1.081731877867299e-01 -1.289546886349996e-03 -4.572640785219462e-03 -9.455843758514604e-04  2.546759870361986e-04  1.260137870175928e-01
 5.500000000000000e-01 -1.008563508674398e-03 -1.038297921106990e-03 -1.038941642544700e-03  4.305265029710126e-04  9.229906466753529e-02 -1.178042121552064e-03 -2.604804416905471e-03 -1.060006784137646e-03  3.689835808015213e-04  1.065145305968667e-01 -1.414748164196677e-03 -4.662398816927427e-03 -1.018748209783094e-03  2.842977646669853e-04  1.235073046876212e-01
 5.666666666666667e-01 -1.110678948474053e-03 -1.077636317136643e-03 -1.078300350255357e-03  4.651798109578248e-04  9.118263936651773e-02 -1.295552119085164e-03 -2.675382468993459e-03 -1.111123515106338e-03  4.023843584455428e-04  1.047417008761137e-01 -1.548491051874767e-03 -4.735167035936128e-03 -1.090713963578516e-03  3.165020850377509e-04  1.208627084206179e-01
 5.833333333333334e-01 -1.220963111503603e-03 -1.114789409022432e-03 -1.115472801664796e-03  5.010428868821443e-04  8.996780134381378e-02 -1.421692636523544e-03 -2.736992944094796e-03 -1.159992171183011e-03  4.375898715345133e-04  1.028480470597125e-01 -1.690827236750736e-03 -4.789576503637316e-03 -1.160324413988389e-03  3.513507990508397e-04  1.180757933539381e-01
 6.000000000000000e-01 -1.339736814019665e-03 -1.149232314113791e-03 -1.149934035682754e-03  5.379574575111040e-04  8.864601951262413e-02 -1.556599007480730e-03 -2.788414331667544e-03 -1.205818238935730e-03  4.745237321374246e-04  1.008266006752835e-01 -1.841668049608863e-03 -4.824249268487901e-03 -1.226313306782134e-03  3.888597302284524e-04  1.151424497775582e-01
 6.166666666666667e-01 -1.467233507768839e-03 -1.180372612796798e-03 -1.181091555244040e-03  5.757233130158218e-04  8.720808276946806e-02 -1.700269972644136e-03 -2.828366496501644e-03 -1.247721780915034e-03  5.130610991217061e-04  9.867009036101110e-02 -2.000746203473069e-03 -4.837807230906876e-03 -1.287317309283442e-03  4.289831312823816e-04  1.120587059139212e-01
 6.333333333333333e-01 -1.603562298879341e-03 -1.207545977340407e-03 -1.208280954495877e-03  6.140906070746105e-04  8.564408231964188e-02 -1.852525645840208e-03 -2.855521479108281e-03 -1.284739992675088e-03  5.530161183483207e-04  9.637096590694148e-02 -2.167570730132989e-03 -4.828884821067803e-03 -1.341892986640003e-03  4.715949601673958e-04  1.088207784089966e-01
 6.500000000000000e-01 -1.748661432622700e-03 -1.230013366360527e-03 -1.230763111267574e-03  6.527503392856487e-04  8.394340645141392e-02 -2.012956951103789e-03 -2.868518918194396e-03 -1.315833295787328e-03  5.941266429916048e-04  9.392143505261145e-02 -2.341374472424690e-03 -4.796146624208797e-03 -1.388539554485035e-03  5.164666621431113e-04  1.054251317744947e-01
 6.666666666666666e-01 -1.902240452737514e-03 -1.246960650749473e-03 -1.247723814202684e-03  6.913225231576919e-04  8.209475261774715e-02 -2.180865431075235e-03 -2.865987120559077e-03 -1.339895969452054e-03  6.360358235721064e-04  9.131351635255712e-02 -2.521053645214238e-03 -4.738311356497493e-03 -1.425728172243956e-03  5.632412648594182e-04  1.018685481390958e-01
 6.833333333333333e-01 -2.063709136805841e-03 -1.257501838598962e-03 -1.258276986875528e-03  7.293414656935199e-04  8.008616295959470e-02 -2.355192426286123e-03 -2.846570986147823e-03 -1.355772507716679e-03  6.782702085257469e-04  8.853911208230479e-02 -2.705099261593152e-03 -4.654183885318464e-03 -1.451938543782783e-03  6.114037978727782e-04  9.814820879820864e-02
 7.000000000000000e-01 -2.232091336034248e-03 -1.260687393642046e-03 -1.261473006168412e-03  7.662375474164762e-04  7.790509091065337e-02 -2.534436874052193e-03 -2.808968198125705e-03 -1.362281079071659e-03  7.202141376022597e-04  8.559010589246177e-02 -2.891520664468600e-03 -4.542697304034782e-03 -1.465703534435758e-03  6.602483882279936e-04  9.426178916849212e-02
 7.166666666666667e-01 -2.405922078962675e-03 -1.255519548548967e-03 -1.256314009139170e-03  8.013149472282100e-04  7.553850826990240e-02 -2.716561447511756e-03 -2.751975300832044e-03 -1.358245642679945e-03  7.610804977885577e-04  8.245849070275862e-02 -3.077762091330982e-03 -4.402967378670186e-03 -1.465662404815271e-03  7.088429195663271e-04  9.020756877223220e-02
 7.333333333333333e-01 -2.583126877316932e-03 -1.240976943761796e-03 -1.241778534304405e-03  8.337249835740496e-04  7.297306407954895e-02 -2.898887544474538e-03 -2.674545491743840e-03 -1.342538410813554e-03  7.998784248630375e-04  7.913653311020541e-02 -3.260614164611375e-03 -4.234361949378540e-03 -1.450623052289379e-03  7.559929243555752e-04  8.598455783653365e-02
 7.500000000000000e-01 -2.760883253179358e-03 -1.216051382298966e-03 -1.216858270845389e-03  8.624352691567194e-04  7.019530870913046e-02 -3.077980858495255e-03 -2.575860107955297e-03 -1.314134392337962e-03  8.353793846665597e-04  7.561698127264427e-02 -3.436123544655612e-03 -4.036587987927498e-03 -1.419633316618318e-03  8.002075125876223e-04  8.159264184252328e-02
 7.666666666666667e-01 -2.935466304087364e-03 -1.179799847406793e-03 -1.180610075535826e-03  8.861958893513766e-04  6.719199853576072e-02 -3.249531052227306e-03 -2.455415823549245e-03 -1.272179634155157e-03  8.660844058205330e-04  7.189332366270094e-02 -3.599505721283813e-03 -3.809798937013498e-03 -1.372060885164506e-03  8.396717055803027e-04  7.703274486851386e-02
 7.833333333333333e-01 -3.102082884527457e-03 -1.131415131952695e-03 -1.132226593550945e-03  9.035055786869306e-04  6.395049818912173e-02 -3.408231532047556e-03 -2.313129375609790e-03 -1.216074389001509e-03  8.901972497502852e-04  6.796010601115067e-02 -3.745068091076886e-03 -3.554724415820498e-03 -1.307680575477366e-03  8.722316590268619e-04  7.230701172696187e-02
 8.000000000000000e-01 -3.254702946340171e-03 -1.070318200129705e-03 -1.071128619144934e-03  9.125837254006369e-04  6.045929791249451e-02 -3.547668572746576e-03 -2.149461021375476e-03 -1.145571628506925e-03  9.056112199827965e-04  6.381331277253194e-02 -3.866153004366046e-03 -3.272823244528933e-03 -1.226766743395169e-03  8.954020104307014e-04  6.741900724655696e-02
 8.166666666666667e-01 -3.385901899297439e-03 -9.962745051781408e-04 -9.970813950080926e-04  9.113584165229283e-04  5.670866221760250e-02 -3.660233015683079e-03 -1.965556624888287e-03 -1.060889889814343e-03  9.099213720914767e-04  5.945081694379396e-02 -3.955113085556294e-03 -2.966458659766746e-03 -1.130187138986272e-03  9.064080405833813e-04  6.237392882626958e-02
 8.333333333333334e-01 -3.486734462380847e-03 -9.095343918802401e-04 -9.103350035248869e-04  8.974870912522165e-04  5.269142124615279e-02 -3.737072159199217e-03 -1.763405898887349e-03 -9.628371456699147e-04  9.004793010253948e-04  5.487289715988475e-02 -4.003333399376918e-03 -2.639091128269433e-03 -1.019492641785136e-03  9.022795237730169e-04  5.717882463371268e-02
 8.500000000000000e-01 -3.546667799606551e-03 -8.109939609953765e-04 -8.117852184482688e-04  8.684350919341138e-04  4.840390588328051e-02 -3.768103512561238e-03 -1.546010398804087e-03 -8.529389519207342e-04  8.745145592790188e-04  5.008281241724675e-02 -4.001315997495980e-03 -2.295478985901434e-03 -8.969950358256318e-04  8.800179252210216e-04  5.184280423460264e-02
 8.666666666666667e-01 -3.553608326307467e-03 -7.023666584198285e-04 -7.031450388202964e-04  8.216485875840868e-04  4.384700868360320e-02 -3.742114294557508e-03 -1.317548828635440e-03 -7.335593207127289e-04  8.293549809047784e-04  4.508741081598518e-02 -3.938840540202659e-03 -1.941869818846031e-03 -7.658221924931041e-04  8.368638145547710e-04  4.637722029954210e-02
 8.833333333333333e-01 -3.494059724701737e-03 -5.863467528554045e-04 -5.871081151852531e-04  7.548715662184027e-04  3.902732094957564e-02 -3.646968372001513e-03 -1.083518592284616e-03 -6.079965289561562e-04  7.627872834085406e-04  3.989772712915618e-02 -3.805207738245775e-03 -1.586155688054314e-03 -6.299369829123602e-04  7.706966525532002e-04  4.079578826055547e-02
 9.000000000000000e-01 -3.353445033468017e-03 -4.667339185782104e-04 -4.674732320408825e-04  6.666704251081096e-04  3.395824717089985e-02 -3.469931894789169e-03 -8.508211671459653e-04 -4.805287212125142e-04  6.736083949872435e-04  3.452949208946898e-02 -3.589556879161293e-03 -1.237953148120363e-03 -4.941032601060158e-04  6.806042431695067e-04  3.511459330992114e-02
 9.166666666666666e-01 -3.116607167584440e-03 -3.484743188293393e-04 -3.491851795521805e-04  5.572416254487587e-04  2.866092632741420e-02 -3.198105068454304e-03 -6.277454421930173e-04 -3.563767369818560e-04  5.624258224269651e-04  2.900343108311722e-02 -3.281220408999141e-03 -9.085554320943379e-04 -3.637798913870283e-04  5.676643092004593e-04  2.935190943587810e-02
 9.333333333333333e-01 -2.768464015445837e-03 -2.375610072915535e-04 -2.382346858559314e-04  4.295842826393705e-04  2.316469342712428e-02 -2.818904585901838e-03 -4.237896883826364e-04 -2.415462022138382e-04  4.327711968142023e-04  2.334516885505802e-02 -2.870031636103998e-03 -6.106901021671884e-04 -2.449230671687230e-04  4.359875016283245e-04  2.352772015068316e-02
 9.500000000000000e-01 -2.294733646187375e-03 -1.407314665708981e-04 -1.413548833951728e-04  2.911170603867828e-04  1.750669574109201e-02 -2.320474512063631e-03 -2.492533290097132e-04 -1.425109706834071e-04  2.925959503155603e-04  1.758447883896033e-02 -2.346428626533115e-03 -3.580049607384561e-04 -1.436790453611669e-04  2.940844301412594e-04  1.766277758531199e-02
 9.666666666666667e-01 -1.682568877492407e-03 -6.491279671771988e-05 -6.546286672626245e-05  1.558064623679084e-04  1.173015606987154e-02 -1.691811567759438e-03 -1.145302081422273e-04 -6.570978116315906e-05  1.562275960413440e-04  1.175352381011073e-02 -1.701090223098278e-03 -1.641970471061294e-04 -6.595350877725004e-05  1.566501814876742e-04  1.177695828401959e-02
 9.833333333333333e-01 -9.208699111330487e-04 -1.641035597466090e-05 -1.682936963420811e-05  4.685646560923309e-05  5.880682383334932e-03 -9.222755965750951e-04 -2.905773469941142e-05 -1.684863921935786e-05  4.689392600640860e-05  5.883633851199802e-03 -9.236850437227551e-04 -4.170852140350512e-05 -1.687166735619972e-05  4.693142480428989e-05  5.886611831018557e-03
 1.000000000000000e+00  0.000000000000000e+00  0.000000000000000e+00  0.000000000000000e+00  0.000000000000000e+00  0.000000000000000e+00  0.000000000000000e+00  0.000000000000000e+00  0.000000000000000e+00  0.000000000000000e+00  0.000000000000000e+00  0.000000000000000e+00  0.000000000000000e+00  0.000000000000000e+00  0.000000000000000e+00  0.000000000000000e+00
